A:

               0       1       2       3       4       5       6       7       8       9      10      11      12      13      14      15      16      17      18      19      20      21      22      23      24      25      26      27      28      29      30      31      32      33      34
       0     inf   -2.18   -3.28   -3.64   -3.82   -3.93   -4.01   -4.06   -4.10   -4.13   -4.15   -4.17   -4.19   -4.20   -4.21   -4.22   -4.23   -4.24   -4.25   -4.25   -4.26   -4.27   -4.27   -4.27   -4.28   -4.28   -4.29   -4.29   -4.29   -4.29   -4.30   -4.30   -4.30   -4.30   -4.31
       1     inf   -2.18   -3.28   -3.64   -3.82   -3.93   -4.01   -4.06   -4.10   -4.13   -4.15   -4.17   -4.19   -4.20   -4.21   -4.22   -4.23   -4.24   -4.25   -4.25   -4.26   -4.27   -4.27   -4.27   -4.28   -4.28   -4.29   -4.29   -4.29   -4.29   -4.30   -4.30   -4.30   -4.30   -4.31
       2     inf   -2.18   -3.28   -3.64   -3.82   -3.93   -4.01   -4.06   80.40   -4.13   -4.15   -4.17   -4.19   -4.20   -4.21   -4.22   -4.23   -4.24   -4.25   -4.25   -4.26   -4.27   -4.27   -4.27   -4.28   -4.28   -4.29   -4.29   -4.29   -4.29   -4.30   -4.30   -4.30   -4.30   -4.31
       3     inf   -2.18   -3.28   -3.64   -3.82   -3.93   -4.01   -4.06   -4.10   -4.13   -4.15   -4.17   -4.19   -4.20   -4.21   -4.22   -4.23   -4.24   -4.25   -4.25   -4.26   -4.27   -4.27   -4.27   -4.28   -4.28   -4.29   -4.29   -4.29   -4.29   -4.30   -4.30   -4.30   -4.30   -4.31
       4     inf   -2.18   -3.28   -3.64   -3.82   -3.93   -4.01   -4.06   -4.10   -4.13   -4.15   -4.17   -4.19   -4.20   -4.21   -4.22   -4.23   -4.24   -4.25   -4.25   -4.26   -4.27   -4.27   -4.27   -4.28   -4.28   -4.29   -4.29   -4.29   -4.29   -4.30   -4.30   -4.30   -4.30   -4.31
       5     inf   -2.18   -3.28   -3.64   -3.82   -3.93   -4.01   -4.06   -4.10   -4.13   -4.15   -4.17   -4.19   -4.20   -4.21   -4.22   -4.23   -4.24   -4.25   -4.25   -4.26   -4.27   -4.27   -4.27   -4.28   -4.28   -4.29   -4.29   -4.29   -4.29   -4.30   -4.30   -4.30   -4.30   -4.31
       6     inf   -0.00   -0.00   -0.00   -0.00   -0.00   -0.00   -0.00   -0.00   -0.00   -0.00   -0.00   -0.00   -0.00   -0.00   -0.00   -0.00   -0.00   -0.00   -0.00   -0.00   -0.00   -0.00   -0.00   -0.00   -0.00   -0.00   -0.00   -0.00   -0.00   -0.00    0.56   -4.30   -4.30   -4.31
       7     inf   -0.00   -0.00   -0.00   -0.00   -0.00   -0.00   -0.00   -0.00   -0.00   -0.00   -0.00   -0.00   -0.00   -0.00   -0.00   -0.00   -0.00   -0.00   -0.00   -0.00   -0.00   -0.00   -0.00   -0.00   -0.00   -0.00   -0.00   -0.00   -0.00   -0.00    0.56   -4.30   -4.30   -4.31
       8     inf   -0.00   -0.00   -0.00   -0.00   -0.00   -0.00   -0.00   -0.00   -0.00   -0.00   -0.00   -0.00   -0.00   -0.00   -0.00   -0.00   -0.00   -0.00   -0.00   -0.00   -0.00   -0.00   -0.00   -0.00   -0.00   -0.00   -0.00   -0.00   -0.00   -0.00    0.56   -4.30   -4.30   -4.31
       9     inf   -0.00   -0.00   -0.00   -0.00   -0.00   -0.00   -0.00   -0.00   -0.00   -0.00   -0.00   -0.00   -0.00   -0.00   -0.00   -0.00   -0.00   -0.00   -0.00   -0.00   -0.00   -0.00   -0.00   -0.00   -0.00   -0.00   -0.00   -0.00   -0.00   -0.00    0.56   -4.30   -4.30   -4.31
      10     inf   -0.00   -0.00   -0.00   -0.00   -0.00   -0.00   -0.00   -0.00   -0.00   -0.00   -0.00   -0.00   -0.00   -0.00   -0.00   -0.00   -0.00   -0.00   -0.00   -0.00   -0.00   -0.00   -0.00   -0.00   -0.00   -0.00   -0.00   -0.00   -0.00   -0.00    0.56   -4.30   -4.30   -4.31
      11     inf   -0.00   -0.00   -0.00   -0.00   -0.00   -0.00   -0.00   -0.00   -0.00   -0.00   -0.00   -0.00   -0.00   -0.00   -0.00   -0.00   -0.00   -0.00   -0.00   -0.00   -0.00   -0.00   -0.00   -0.00   -0.00   -0.00   -0.00   -0.00   -0.00   -0.00    0.56   -4.30   -4.30   -4.31
      12     inf   -0.00   -0.00   -0.00   -0.00   -0.00   -0.00   -0.00   -0.00   -0.00   -0.00   -0.00   -0.00   -0.00   -0.00   -0.00   -0.00   -0.00   -0.00   -0.00   -0.00   -0.00   -0.00   -0.00   -0.00   -0.00   -0.00   -0.00   -0.00   -0.00   -0.00    0.56   -4.30   -4.30   -4.31
      13     inf   -0.00   -0.00   -0.00   -0.00   -0.00   -0.00   -0.00   -0.00   -0.00   -0.00   -0.00   -0.00   -0.00   -0.00   -0.00   -0.00   -0.00   -0.00   -0.00   -0.00   -0.00   -0.00   -0.00   -0.00   -0.00   -0.00   -0.00   -0.00   -0.00   -0.00    0.56   -4.30   -4.30   -4.31
      14     inf   -0.00   -0.00   -0.00   -0.00   -0.00   -0.00   -0.00   -0.00   -0.00   -0.00   -0.00   -0.00   -0.00   -0.00   -0.00   -0.00   -0.00   -0.00   -0.00   -0.00   -0.00   -0.00   -0.00   -0.00   -0.00   -0.00   -0.00   -0.00   -0.00   -0.00    0.56   -4.30   -4.30   -4.31
      15     inf   -0.00   -0.00   -0.00   -0.00   -0.00   -0.00   -0.00   -0.00   -0.00   -0.00   -0.00   -0.00   -0.00   -0.00   -0.00   -0.00   -0.00   -0.00   -0.00   -0.00   -0.00   -0.00   -0.00   -0.00   -0.00   -0.00   -0.00   -0.00   -0.00   -0.00    0.56   -4.30   -4.30   -4.31
      16     inf   -0.00   -0.00   -0.00   -0.00   -0.00   -0.00   -0.00   -0.00   -0.00   -0.00   -0.00   -0.00   -0.00   -0.00   -0.00   -0.00   -0.00   -0.00   -0.00   -0.00   -0.00   -0.00   -0.00   -0.00   -0.00   -0.00   -0.00   -0.00   -0.00   -0.00    0.56   -4.30   -4.30   -4.31
      17     inf   -0.00   -0.00   -0.00   -0.00   -0.00   -0.00   -0.00   -0.00   -0.00   -0.00   -0.00   -0.00   -0.00   -0.00   -0.00   -0.00   -0.00   -0.00   -0.00   -0.00   -0.00   -0.00   -0.00   -0.00   -0.00   -0.00   -0.00   -0.00   -0.00   -0.00    0.56   -4.30   -4.30   -4.31
      18     inf   -0.00   -0.00   -0.00   -0.00   -0.00   -0.00   -0.00   -0.00   -0.00   -0.00   -0.00   -0.00   -0.00   -0.00   -0.00   -0.00   -0.00   -0.00   -0.00   -0.00   -0.00   -0.00   -0.00   -0.00   -0.00   -0.00   -0.00   -0.00   -0.00   -0.00    0.56   -4.30   -4.30   -4.31
      19     inf   -0.00   -0.00   -0.00   -0.00   -0.00   -0.00   -0.00   -0.00   -0.00   -0.00   -0.00   -0.00   -0.00   -0.00   -0.00   -0.00   -0.00   -0.00   -0.00   -0.00   -0.00   -0.00   -0.00   -0.00   -0.00   -0.00   -0.00   -0.00   -0.00   -0.00    0.56   -4.30   -4.30   -4.31
      20     inf   -0.00   -0.00   -0.00   -0.00   -0.00   -0.00   -0.00   -0.00   -0.00   -0.00   -0.00   -0.00   -0.00   -0.00   -0.00   -0.00   -0.00   -0.00   -0.00   -0.00   -0.00   -0.00   -0.00   -0.00   -0.00   -0.00   -0.00   -0.00   -0.00   -0.00    0.56   -4.30   -4.30   -4.31
      21     inf   -0.00   -0.00   -0.00   -0.00   -0.00   -0.00   -0.00   -0.00   -0.00   -0.00   -0.00   -0.00   -0.00   -0.00   -0.00   -0.00   -0.00   -0.00   -0.00   -0.00   -0.00   -0.00   -0.00   -0.00   -0.00   -0.00   -0.00   -0.00   -0.00   -0.00    0.56   -4.30   -4.30   -4.31
      22     inf   -0.00   -0.00   -0.00   -0.00   -0.00   -0.00   -0.00   -0.00   -0.00   -0.00   -0.00   -0.00   -0.00   -0.00   -0.00   -0.00   -0.00   -0.00   -0.00   -0.00   -0.00   -0.00   -0.00   -0.00   -0.00   -0.00   -0.00   -0.00   -0.00   -0.00    0.56   -4.30   -4.30   -4.31
      23     inf   -0.00   -0.00   -0.00   -0.00   -0.00   -0.00   -0.00   -0.00   -0.00   -0.00   -0.00   -0.00   -0.00   -0.00   -0.00   -0.00   -0.00   -0.00   -0.00   -0.00   -0.00   -0.00   -0.00   -0.00   -0.00   -0.00   -0.00   -0.00   -0.00   -0.00    0.56   -4.30   -4.30   -4.31
      24     inf   -0.00   -0.00   -0.00   -0.00   -0.00   -0.00   -0.00   -0.00   -0.00   -0.00   -0.00   -0.00   -0.00   -0.00   -0.00   -0.00   -0.00   -0.00   -0.00   -0.00   -0.00   -0.00   -0.00   -0.00   -0.00   -0.00   -0.00   -0.00   -0.00   -0.00    0.56   -4.30   -4.30   -4.31
      25     inf   -0.00   -0.00   -0.00   -0.00   -0.00   -0.00   -0.00   -0.00   -0.00   -0.00   -0.00   -0.00   -0.00   -0.00   -0.00   -0.00   -0.00   -0.00   -0.00   -0.00   -0.00   -0.00   -0.00   -0.00   -0.00   -0.00   -0.00   -0.00   -0.00   -0.00    0.56   -4.30   -4.30   -4.31
      26     inf   -0.00   -0.00   -0.00   -0.00   -0.00   -0.00   -0.00   -0.00   -0.00   -0.00   -0.00   -0.00   -0.00   -0.00   -0.00   -0.00   -0.00   -0.00   -0.00   -0.00   -0.00   -0.00   -0.00   -0.00   -0.00   -0.00   -0.00   -0.00   -0.00   -0.00    0.56   -4.30   -4.30   -4.31
      27     inf   -0.00   -0.00   -0.00   -0.00   -0.00   -0.00   -0.00   -0.00   -0.00   -0.00   -0.00   -0.00   -0.00   -0.00   -0.00   -0.00   -0.00   -0.00   -0.00   -0.00   -0.00   -0.00   -0.00   -0.00   -0.00   -0.00   -0.00   -0.00   -0.00   -0.00    0.56   -4.30   -4.30   -4.31
      28     inf   -0.00   -0.00   -0.00   -0.00   -0.00   -0.00   -0.00   -0.00   -0.00   -0.00   -0.00   -0.00   -0.00   -0.00   -0.00   -0.00   -0.00   -0.00   -0.00   -0.00   -0.00   -0.00   -0.00   -0.00   -0.00   -0.00   -0.00   -0.00   -0.00   -0.00    0.56   -4.30   -4.30   -4.31
      29     inf   -0.00   -0.00   -0.00   -0.00   -0.00   -0.00   -0.00   -0.00   -0.00   -0.00   -0.00   -0.00   -0.00   -0.00   -0.00   -0.00   -0.00   -0.00   -0.00   -0.00   -0.00   -0.00   -0.00   -0.00   -0.00   -0.00   -0.00   -0.00   -0.00   -0.00    0.56   -4.30   -4.30   -4.31
      30     inf   -0.00   -0.00   -0.00   -0.00   -0.00   -0.00   -0.00   -0.00   -0.00   -0.00   -0.00   -0.00   -0.00   -0.00   -0.00   -0.00   -0.00   -0.00   -0.00   -0.00   -0.00   -0.00   -0.00   -0.00   -0.00   -0.00   -0.00   -0.00   -0.00   -0.00    0.56   -4.30   -4.30   -4.31
      31     inf   -0.00   -0.00   -0.00   -0.00   -0.00   -0.00   -0.00   -0.00   -0.00   -0.00   -0.00   -0.00   -0.00   -0.00   -0.00   -0.00   -0.00   -0.00   -0.00   -0.00   -0.00   -0.00   -0.00   -0.00   -0.00   -0.00   -0.00   -0.00   -0.00   -0.00    0.56   -4.30   -4.30   -4.31
      32     inf   -0.00   -0.00   -0.00   -0.00   -0.00   -0.00   -0.00   -0.00   -0.00   -0.00   -0.00   -0.00   -0.00   -0.00   -0.00   -0.00   -0.00   -0.00   -0.00   -0.00   -0.00   -0.00   -0.00   -0.00   -0.00   -0.00   -0.00   -0.00   -0.00   -0.00    0.56   -4.30   -4.30   -4.31
      33     inf   -0.00   -0.00   -0.00   -0.00   -0.00   -0.00   -0.00   -0.00   -0.00   -0.00   -0.00   -0.00   -0.00   -0.00   -0.00   -0.00   -0.00   -0.00   -0.00   -0.00   -0.00   -0.00   -0.00   -0.00   -0.00   -0.00   -0.00   -0.00   -0.00   -0.00    0.56   -4.30   -4.30   -4.31
      34     inf   -0.00   -0.00   -0.00   -0.00   -0.00   -0.00   -0.00   -0.00   -0.00   -0.00   -0.00   -0.00   -0.00   -0.00   -0.00   -0.00   -0.00   -0.00   -0.00   -0.00   -0.00   -0.00   -0.00   -0.00   -0.00   -0.00   -0.00   -0.00   -0.00   -0.00    0.56   -4.30   -4.30   -4.31
      35     inf   -2.18   -3.28   -3.64   -3.82   -3.93   -4.01   -4.06   -4.10   -4.13   -4.15   -4.17   -4.19   -4.20   -4.21   -4.22   -4.23   -4.24   -4.25   -4.25   -4.26   -4.27   -4.27   -4.27   -4.28   -4.28   -4.29   -4.29   -4.29   -4.29   -4.30   -4.30   -4.30   -4.30   -4.31
      36     inf   -2.18   -3.28   -3.64   -3.82   -3.93   -4.01   -4.06   -4.10   -4.13   -4.15   -4.17   -4.19   -4.20   -4.21   -4.22   -4.23   -4.24   -4.25   -4.25   -4.26   -4.27   -4.27   -4.27   -4.28   -4.28   -4.29   -4.29   -4.29   -4.29   -4.30   -4.30   -4.30   -4.30   -4.31
      37     inf   -2.18   -3.28   -3.64   -3.82   -3.93   -4.01   -4.06   -4.10   -4.13   -4.15   -4.17   -4.19   -4.20   -4.21   -4.22   -4.23   -4.24   -4.25   -4.25   -4.26   -4.27   -4.27   -4.27   -4.28   -4.28   -4.29   -4.29   -4.29   -4.29   -4.30   -4.30   -4.30   -4.30   -4.31
      38     inf   -2.18   -3.28   -3.64   -3.82   -3.93   -4.01   -4.06   -4.10   -4.13   -4.15   -4.17   -4.19   -4.20   -4.21   -4.22   -4.23   -4.24   -4.25   -4.25   -4.26   -4.27   -4.27   -4.27   -4.28   -4.28   -4.29   -4.29   -4.29   -4.29   -4.30   -4.30   -4.30   -4.30   -4.31
      39     inf   -2.18   -3.28   -3.64   -3.82   -3.93   -4.01   -4.06   -4.10   -4.13   -4.15   -4.17   -4.19   -4.20   -4.21   -4.22   -4.23   -4.24   -4.25   -4.25   -4.26   -4.27   -4.27   -4.27   -4.28   -4.28   -4.29   -4.29   -4.29   -4.29   -4.30   -4.30   -4.30   -4.30   -4.31
