alpha:

               0       1       2       3       4       5       6       7       8       9      10      11      12      13      14      15      16      17      18      19      20      21      22      23      24      25      26      27      28      29      30      31      32      33      34
       0    0.00    0.00    0.00    0.00    0.00    0.00    0.00    0.00    0.00    0.00    0.00    0.00    0.00    0.00    0.00    0.00    0.00    0.00    0.00    0.00    0.00    0.00    0.00    0.00    0.00    0.00    0.00    0.00    0.00    0.00    0.00    0.00    0.00    0.00    0.00
       1    0.00    1.00    0.87    0.79    0.74    0.71    0.69    0.68    0.67    0.66    0.66    0.66    0.65    0.65    0.65    0.65    0.64    0.64    0.64    0.64    0.64    0.64    0.64    0.64    0.64    0.64    0.64    0.63    0.63    0.63    0.63    0.63    0.63    0.63    0.63
       2    0.00    1.00    0.87    0.79    0.74    0.71    0.69    0.68    0.67    0.75    0.70    0.67    0.66    0.65    0.65    0.65    0.64    0.64    0.64    0.64    0.64    0.64    0.64    0.64    0.64    0.64    0.64    0.63    0.63    0.63    0.63    0.63    0.63    0.63    0.63
       3    0.00    1.00    0.87    0.79    0.74    0.71    0.69    0.68    0.67    0.66    0.66    0.66    0.65    0.65    0.65    0.65    0.64    0.64    0.64    0.64    0.64    0.64    0.64    0.64    0.64    0.64    0.64    0.63    0.63    0.63    0.63    0.63    0.63    0.63    0.63
       4    0.00    1.00    0.87    0.79    0.74    0.71    0.69    0.68    0.67    0.66    0.66    0.66    0.65    0.65    0.65    0.65    0.64    0.64    0.64    0.64    0.64    0.64    0.64    0.64    0.64    0.64    0.64    0.63    0.63    0.63    0.63    0.63    0.63    0.63    0.63
       5    0.00    1.00    0.87    0.79    0.74    0.71    0.69    0.68    0.67    0.66    0.66    0.66    0.65    0.65    0.65    0.65    0.64    0.64    0.64    0.64    0.64    0.64    0.64    0.64    0.64    0.64    0.64    0.63    0.63    0.63    0.63    0.63    0.63    0.63    0.63
       6    0.00    1.00    0.00    0.00    0.00    0.00    0.00    0.00    0.00    0.00    0.00    0.00    0.00    0.00    0.00    0.00    0.00    0.00    0.00    0.00    0.00    0.00    0.00    0.00    0.00    0.00    0.00    0.00    0.00    0.00    0.00    0.00    0.99    0.81    0.71
       7    0.00    1.00    0.00    0.00    0.00    0.00    0.00    0.00    0.00    0.00    0.00    0.00    0.00    0.00    0.00    0.00    0.00    0.00    0.00    0.00    0.00    0.00    0.00    0.00    0.00    0.00    0.00    0.00    0.00    0.00    0.00    0.00    0.99    0.81    0.71
       8    0.00    1.00    0.00    0.00    0.00    0.00    0.00    0.00    0.00    0.00    0.00    0.00    0.00    0.00    0.00    0.00    0.00    0.00    0.00    0.00    0.00    0.00    0.00    0.00    0.00    0.00    0.00    0.00    0.00    0.00    0.00    0.00    0.99    0.81    0.71
       9    0.00    1.00    0.00    0.00    0.00    0.00    0.00    0.00    0.00    0.00    0.00    0.00    0.00    0.00    0.00    0.00    0.00    0.00    0.00    0.00    0.00    0.00    0.00    0.00    0.00    0.00    0.00    0.00    0.00    0.00    0.00    0.00    0.99    0.81    0.71
      10    0.00    1.00    0.00    0.00    0.00    0.00    0.00    0.00    0.00    0.00    0.00    0.00    0.00    0.00    0.00    0.00    0.00    0.00    0.00    0.00    0.00    0.00    0.00    0.00    0.00    0.00    0.00    0.00    0.00    0.00    0.00    0.00    0.99    0.81    0.71
      11    0.00    1.00    0.00    0.00    0.00    0.00    0.00    0.00    0.00    0.00    0.00    0.00    0.00    0.00    0.00    0.00    0.00    0.00    0.00    0.00    0.00    0.00    0.00    0.00    0.00    0.00    0.00    0.00    0.00    0.00    0.00    0.00    0.99    0.81    0.71
      12    0.00    1.00    0.00    0.00    0.00    0.00    0.00    0.00    0.00    0.00    0.00    0.00    0.00    0.00    0.00    0.00    0.00    0.00    0.00    0.00    0.00    0.00    0.00    0.00    0.00    0.00    0.00    0.00    0.00    0.00    0.00    0.00    0.99    0.81    0.71
      13    0.00    1.00    0.00    0.00    0.00    0.00    0.00    0.00    0.00    0.00    0.00    0.00    0.00    0.00    0.00    0.00    0.00    0.00    0.00    0.00    0.00    0.00    0.00    0.00    0.00    0.00    0.00    0.00    0.00    0.00    0.00    0.00    0.99    0.81    0.71
      14    0.00    1.00    0.00    0.00    0.00    0.00    0.00    0.00    0.00    0.00    0.00    0.00    0.00    0.00    0.00    0.00    0.00    0.00    0.00    0.00    0.00    0.00    0.00    0.00    0.00    0.00    0.00    0.00    0.00    0.00    0.00    0.00    0.99    0.81    0.71
      15    0.00    1.00    0.00    0.00    0.00    0.00    0.00    0.00    0.00    0.00    0.00    0.00    0.00    0.00    0.00    0.00    0.00    0.00    0.00    0.00    0.00    0.00    0.00    0.00    0.00    0.00    0.00    0.00    0.00    0.00    0.00    0.00    0.99    0.81    0.71
      16    0.00    1.00    0.00    0.00    0.00    0.00    0.00    0.00    0.00    0.00    0.00    0.00    0.00    0.00    0.00    0.00    0.00    0.00    0.00    0.00    0.00    0.00    0.00    0.00    0.00    0.00    0.00    0.00    0.00    0.00    0.00    0.00    0.99    0.81    0.71
      17    0.00    1.00    0.00    0.00    0.00    0.00    0.00    0.00    0.00    0.00    0.00    0.00    0.00    0.00    0.00    0.00    0.00    0.00    0.00    0.00    0.00    0.00    0.00    0.00    0.00    0.00    0.00    0.00    0.00    0.00    0.00    0.00    0.99    0.81    0.71
      18    0.00    1.00    0.00    0.00    0.00    0.00    0.00    0.00    0.00    0.00    0.00    0.00    0.00    0.00    0.00    0.00    0.00    0.00    0.00    0.00    0.00    0.00    0.00    0.00    0.00    0.00    0.00    0.00    0.00    0.00    0.00    0.00    0.99    0.81    0.71
      19    0.00    1.00    0.00    0.00    0.00    0.00    0.00    0.00    0.00    0.00    0.00    0.00    0.00    0.00    0.00    0.00    0.00    0.00    0.00    0.00    0.00    0.00    0.00    0.00    0.00    0.00    0.00    0.00    0.00    0.00    0.00    0.00    0.99    0.81    0.71
      20    0.00    1.00    0.00    0.00    0.00    0.00    0.00    0.00    0.00    0.00    0.00    0.00    0.00    0.00    0.00    0.00    0.00    0.00    0.00    0.00    0.00    0.00    0.00    0.00    0.00    0.00    0.00    0.00    0.00    0.00    0.00    0.00    0.99    0.81    0.71
      21    0.00    1.00    0.00    0.00    0.00    0.00    0.00    0.00    0.00    0.00    0.00    0.00    0.00    0.00    0.00    0.00    0.00    0.00    0.00    0.00    0.00    0.00    0.00    0.00    0.00    0.00    0.00    0.00    0.00    0.00    0.00    0.00    0.99    0.81    0.71
      22    0.00    1.00    0.00    0.00    0.00    0.00    0.00    0.00    0.00    0.00    0.00    0.00    0.00    0.00    0.00    0.00    0.00    0.00    0.00    0.00    0.00    0.00    0.00    0.00    0.00    0.00    0.00    0.00    0.00    0.00    0.00    0.00    0.99    0.81    0.71
      23    0.00    1.00    0.00    0.00    0.00    0.00    0.00    0.00    0.00    0.00    0.00    0.00    0.00    0.00    0.00    0.00    0.00    0.00    0.00    0.00    0.00    0.00    0.00    0.00    0.00    0.00    0.00    0.00    0.00    0.00    0.00    0.00    0.99    0.81    0.71
      24    0.00    1.00    0.00    0.00    0.00    0.00    0.00    0.00    0.00    0.00    0.00    0.00    0.00    0.00    0.00    0.00    0.00    0.00    0.00    0.00    0.00    0.00    0.00    0.00    0.00    0.00    0.00    0.00    0.00    0.00    0.00    0.00    0.99    0.81    0.71
      25    0.00    1.00    0.00    0.00    0.00    0.00    0.00    0.00    0.00    0.00    0.00    0.00    0.00    0.00    0.00    0.00    0.00    0.00    0.00    0.00    0.00    0.00    0.00    0.00    0.00    0.00    0.00    0.00    0.00    0.00    0.00    0.00    0.99    0.81    0.71
      26    0.00    1.00    0.00    0.00    0.00    0.00    0.00    0.00    0.00    0.00    0.00    0.00    0.00    0.00    0.00    0.00    0.00    0.00    0.00    0.00    0.00    0.00    0.00    0.00    0.00    0.00    0.00    0.00    0.00    0.00    0.00    0.00    0.99    0.81    0.71
      27    0.00    1.00    0.00    0.00    0.00    0.00    0.00    0.00    0.00    0.00    0.00    0.00    0.00    0.00    0.00    0.00    0.00    0.00    0.00    0.00    0.00    0.00    0.00    0.00    0.00    0.00    0.00    0.00    0.00    0.00    0.00    0.00    0.99    0.81    0.71
      28    0.00    1.00    0.00    0.00    0.00    0.00    0.00    0.00    0.00    0.00    0.00    0.00    0.00    0.00    0.00    0.00    0.00    0.00    0.00    0.00    0.00    0.00    0.00    0.00    0.00    0.00    0.00    0.00    0.00    0.00    0.00    0.00    0.99    0.81    0.71
      29    0.00    1.00    0.00    0.00    0.00    0.00    0.00    0.00    0.00    0.00    0.00    0.00    0.00    0.00    0.00    0.00    0.00    0.00    0.00    0.00    0.00    0.00    0.00    0.00    0.00    0.00    0.00    0.00    0.00    0.00    0.00    0.00    0.99    0.81    0.71
      30    0.00    1.00    0.00    0.00    0.00    0.00    0.00    0.00    0.00    0.00    0.00    0.00    0.00    0.00    0.00    0.00    0.00    0.00    0.00    0.00    0.00    0.00    0.00    0.00    0.00    0.00    0.00    0.00    0.00    0.00    0.00    0.00    0.99    0.81    0.71
      31    0.00    1.00    0.00    0.00    0.00    0.00    0.00    0.00    0.00    0.00    0.00    0.00    0.00    0.00    0.00    0.00    0.00    0.00    0.00    0.00    0.00    0.00    0.00    0.00    0.00    0.00    0.00    0.00    0.00    0.00    0.00    0.00    0.99    0.81    0.71
      32    0.00    1.00    0.00    0.00    0.00    0.00    0.00    0.00    0.00    0.00    0.00    0.00    0.00    0.00    0.00    0.00    0.00    0.00    0.00    0.00    0.00    0.00    0.00    0.00    0.00    0.00    0.00    0.00    0.00    0.00    0.00    0.00    0.99    0.81    0.71
      33    0.00    1.00    0.00    0.00    0.00    0.00    0.00    0.00    0.00    0.00    0.00    0.00    0.00    0.00    0.00    0.00    0.00    0.00    0.00    0.00    0.00    0.00    0.00    0.00    0.00    0.00    0.00    0.00    0.00    0.00    0.00    0.00    0.99    0.81    0.71
      34    0.00    1.00    0.00    0.00    0.00    0.00    0.00    0.00    0.00    0.00    0.00    0.00    0.00    0.00    0.00    0.00    0.00    0.00    0.00    0.00    0.00    0.00    0.00    0.00    0.00    0.00    0.00    0.00    0.00    0.00    0.00    0.00    0.99    0.81    0.71
      35    0.00    1.00    0.87    0.79    0.74    0.71    0.69    0.68    0.67    0.66    0.66    0.66    0.65    0.65    0.65    0.65    0.64    0.64    0.64    0.64    0.64    0.64    0.64    0.64    0.64    0.64    0.64    0.63    0.63    0.63    0.63    0.63    0.63    0.63    0.63
      36    0.00    1.00    0.87    0.79    0.74    0.71    0.69    0.68    0.67    0.66    0.66    0.66    0.65    0.65    0.65    0.65    0.64    0.64    0.64    0.64    0.64    0.64    0.64    0.64    0.64    0.64    0.64    0.63    0.63    0.63    0.63    0.63    0.63    0.63    0.63
      37    0.00    1.00    0.87    0.79    0.74    0.71    0.69    0.68    0.67    0.66    0.66    0.66    0.65    0.65    0.65    0.65    0.64    0.64    0.64    0.64    0.64    0.64    0.64    0.64    0.64    0.64    0.64    0.63    0.63    0.63    0.63    0.63    0.63    0.63    0.63
      38    0.00    1.00    0.87    0.79    0.74    0.71    0.69    0.68    0.67    0.66    0.66    0.66    0.65    0.65    0.65    0.65    0.64    0.64    0.64    0.64    0.64    0.64    0.64    0.64    0.64    0.64    0.64    0.63    0.63    0.63    0.63    0.63    0.63    0.63    0.63
      39    0.00    0.00    0.00    0.00    0.00    0.00    0.00    0.00    0.00    0.00    0.00    0.00    0.00    0.00    0.00    0.00    0.00    0.00    0.00    0.00    0.00    0.00    0.00    0.00    0.00    0.00    0.00    0.00    0.00    0.00    0.00    0.00    0.00    0.00    0.00
