Az:

               0       1       2       3       4       5       6       7       8       9      10      11      12      13      14      15      16      17      18      19      20      21      22      23      24      25      26      27      28      29      30      31      32      33      34
       0   -4.37   -4.37   -4.37   -4.37   -4.37   -4.37   -4.37   -4.37   -4.37   -4.37   -4.37   -4.37   -4.37   -4.37   -4.37   -4.37   -4.37   -4.37   -4.37   -4.37   -4.37   -4.37   -4.37   -4.37   -4.37   -4.37   -4.37   -4.37   -4.37   -4.37   -4.37   -4.37   -4.37   -4.37   -4.37
       1   80.40   80.40   80.40   80.40   80.40   80.40   80.40   80.40   -4.37   -4.37   -4.37   -4.37   -4.37   -4.37   -4.37   -4.37   -4.37   -4.37   -4.37   -4.37   -4.37   -4.37   -4.37   -4.37   -4.37   -4.37   -4.37   -4.37   -4.37   -4.37   -4.37   -4.37   -4.37   -4.37   -4.37
       2   -4.37   -4.37   -4.37   -4.37   -4.37   -4.37   -4.37   -4.37   -4.37   -4.37   -4.37   -4.37   -4.37   -4.37   -4.37   -4.37   -4.37   -4.37   -4.37   -4.37   -4.37   -4.37   -4.37   -4.37   -4.37   -4.37   -4.37   -4.37   -4.37   -4.37   -4.37   -4.37   -4.37   -4.37   -4.37
       3   80.40   80.40   80.40   80.40   80.40   80.40   80.40   80.40   -4.37   -4.37   -4.37   -4.37   -4.37   -4.37   -4.37   -4.37   -4.37   -4.37   -4.37   -4.37   -4.37   -4.37   -4.37   -4.37   -4.37   -4.37   -4.37   -4.37   -4.37   -4.37   -4.37   -4.37   -4.37   -4.37   -4.37
       4   -4.37   -4.37   -4.37   -4.37   -4.37   -4.37   -4.37   -4.37   -4.37   -4.37   -4.37   -4.37   -4.37   -4.37   -4.37   -4.37   -4.37   -4.37   -4.37   -4.37   -4.37   -4.37   -4.37   -4.37   -4.37   -4.37   -4.37   -4.37   -4.37   -4.37   -4.37   -4.37   -4.37   -4.37   -4.37
       5   80.40   80.40   80.40   80.40   80.40   80.40   80.40   80.40   80.40   80.40   80.40   80.40   80.40   80.40   80.40   80.40   80.40   80.40   80.40   80.40   80.40   80.40   80.40   80.40   80.40   80.40   80.40   80.40   80.40   80.40   80.40   -4.37   -4.37   -4.37   -4.37
       6   -0.00   -0.00   -0.00   -0.00   -0.00   -0.00   -0.00   -0.00   -0.00   -0.00   -0.00   -0.00   -0.00   -0.00   -0.00   -0.00   -0.00   -0.00   -0.00   -0.00   -0.00   -0.00   -0.00   -0.00   -0.00   -0.00   -0.00   -0.00   -0.00   -0.00   -0.00   -4.37   -4.37   -4.37   -4.37
       7   -0.00   -0.00   -0.00   -0.00   -0.00   -0.00   -0.00   -0.00   -0.00   -0.00   -0.00   -0.00   -0.00   -0.00   -0.00   -0.00   -0.00   -0.00   -0.00   -0.00   -0.00   -0.00   -0.00   -0.00   -0.00   -0.00   -0.00   -0.00   -0.00   -0.00   -0.00   -4.37   -4.37   -4.37   -4.37
       8   -0.00   -0.00   -0.00   -0.00   -0.00   -0.00   -0.00   -0.00   -0.00   -0.00   -0.00   -0.00   -0.00   -0.00   -0.00   -0.00   -0.00   -0.00   -0.00   -0.00   -0.00   -0.00   -0.00   -0.00   -0.00   -0.00   -0.00   -0.00   -0.00   -0.00   -0.00   -4.37   -4.37   -4.37   -4.37
       9   -0.00   -0.00   -0.00   -0.00   -0.00   -0.00   -0.00   -0.00   -0.00   -0.00   -0.00   -0.00   -0.00   -0.00   -0.00   -0.00   -0.00   -0.00   -0.00   -0.00   -0.00   -0.00   -0.00   -0.00   -0.00   -0.00   -0.00   -0.00   -0.00   -0.00   -0.00   -4.37   -4.37   -4.37   -4.37
      10   -0.00   -0.00   -0.00   -0.00   -0.00   -0.00   -0.00   -0.00   -0.00   -0.00   -0.00   -0.00   -0.00   -0.00   -0.00   -0.00   -0.00   -0.00   -0.00   -0.00   -0.00   -0.00   -0.00   -0.00   -0.00   -0.00   -0.00   -0.00   -0.00   -0.00   -0.00   -4.37   -4.37   -4.37   -4.37
      11   -0.00   -0.00   -0.00   -0.00   -0.00   -0.00   -0.00   -0.00   -0.00   -0.00   -0.00   -0.00   -0.00   -0.00   -0.00   -0.00   -0.00   -0.00   -0.00   -0.00   -0.00   -0.00   -0.00   -0.00   -0.00   -0.00   -0.00   -0.00   -0.00   -0.00   -0.00   -4.37   -4.37   -4.37   -4.37
      12   -0.00   -0.00   -0.00   -0.00   -0.00   -0.00   -0.00   -0.00   -0.00   -0.00   -0.00   -0.00   -0.00   -0.00   -0.00   -0.00   -0.00   -0.00   -0.00   -0.00   -0.00   -0.00   -0.00   -0.00   -0.00   -0.00   -0.00   -0.00   -0.00   -0.00   -0.00   -4.37   -4.37   -4.37   -4.37
      13   -0.00   -0.00   -0.00   -0.00   -0.00   -0.00   -0.00   -0.00   -0.00   -0.00   -0.00   -0.00   -0.00   -0.00   -0.00   -0.00   -0.00   -0.00   -0.00   -0.00   -0.00   -0.00   -0.00   -0.00   -0.00   -0.00   -0.00   -0.00   -0.00   -0.00   -0.00   -4.37   -4.37   -4.37   -4.37
      14   -0.00   -0.00   -0.00   -0.00   -0.00   -0.00   -0.00   -0.00   -0.00   -0.00   -0.00   -0.00   -0.00   -0.00   -0.00   -0.00   -0.00   -0.00   -0.00   -0.00   -0.00   -0.00   -0.00   -0.00   -0.00   -0.00   -0.00   -0.00   -0.00   -0.00   -0.00   -4.37   -4.37   -4.37   -4.37
      15   -0.00   -0.00   -0.00   -0.00   -0.00   -0.00   -0.00   -0.00   -0.00   -0.00   -0.00   -0.00   -0.00   -0.00   -0.00   -0.00   -0.00   -0.00   -0.00   -0.00   -0.00   -0.00   -0.00   -0.00   -0.00   -0.00   -0.00   -0.00   -0.00   -0.00   -0.00   -4.37   -4.37   -4.37   -4.37
      16   -0.00   -0.00   -0.00   -0.00   -0.00   -0.00   -0.00   -0.00   -0.00   -0.00   -0.00   -0.00   -0.00   -0.00   -0.00   -0.00   -0.00   -0.00   -0.00   -0.00   -0.00   -0.00   -0.00   -0.00   -0.00   -0.00   -0.00   -0.00   -0.00   -0.00   -0.00   -4.37   -4.37   -4.37   -4.37
      17   -0.00   -0.00   -0.00   -0.00   -0.00   -0.00   -0.00   -0.00   -0.00   -0.00   -0.00   -0.00   -0.00   -0.00   -0.00   -0.00   -0.00   -0.00   -0.00   -0.00   -0.00   -0.00   -0.00   -0.00   -0.00   -0.00   -0.00   -0.00   -0.00   -0.00   -0.00   -4.37   -4.37   -4.37   -4.37
      18   -0.00   -0.00   -0.00   -0.00   -0.00   -0.00   -0.00   -0.00   -0.00   -0.00   -0.00   -0.00   -0.00   -0.00   -0.00   -0.00   -0.00   -0.00   -0.00   -0.00   -0.00   -0.00   -0.00   -0.00   -0.00   -0.00   -0.00   -0.00   -0.00   -0.00   -0.00   -4.37   -4.37   -4.37   -4.37
      19   -0.00   -0.00   -0.00   -0.00   -0.00   -0.00   -0.00   -0.00   -0.00   -0.00   -0.00   -0.00   -0.00   -0.00   -0.00   -0.00   -0.00   -0.00   -0.00   -0.00   -0.00   -0.00   -0.00   -0.00   -0.00   -0.00   -0.00   -0.00   -0.00   -0.00   -0.00   -4.37   -4.37   -4.37   -4.37
      20   -0.00   -0.00   -0.00   -0.00   -0.00   -0.00   -0.00   -0.00   -0.00   -0.00   -0.00   -0.00   -0.00   -0.00   -0.00   -0.00   -0.00   -0.00   -0.00   -0.00   -0.00   -0.00   -0.00   -0.00   -0.00   -0.00   -0.00   -0.00   -0.00   -0.00   -0.00   -4.37   -4.37   -4.37   -4.37
      21   -0.00   -0.00   -0.00   -0.00   -0.00   -0.00   -0.00   -0.00   -0.00   -0.00   -0.00   -0.00   -0.00   -0.00   -0.00   -0.00   -0.00   -0.00   -0.00   -0.00   -0.00   -0.00   -0.00   -0.00   -0.00   -0.00   -0.00   -0.00   -0.00   -0.00   -0.00   -4.37   -4.37   -4.37   -4.37
      22   -0.00   -0.00   -0.00   -0.00   -0.00   -0.00   -0.00   -0.00   -0.00   -0.00   -0.00   -0.00   -0.00   -0.00   -0.00   -0.00   -0.00   -0.00   -0.00   -0.00   -0.00   -0.00   -0.00   -0.00   -0.00   -0.00   -0.00   -0.00   -0.00   -0.00   -0.00   -4.37   -4.37   -4.37   -4.37
      23   -0.00   -0.00   -0.00   -0.00   -0.00   -0.00   -0.00   -0.00   -0.00   -0.00   -0.00   -0.00   -0.00   -0.00   -0.00   -0.00   -0.00   -0.00   -0.00   -0.00   -0.00   -0.00   -0.00   -0.00   -0.00   -0.00   -0.00   -0.00   -0.00   -0.00   -0.00   -4.37   -4.37   -4.37   -4.37
      24   -0.00   -0.00   -0.00   -0.00   -0.00   -0.00   -0.00   -0.00   -0.00   -0.00   -0.00   -0.00   -0.00   -0.00   -0.00   -0.00   -0.00   -0.00   -0.00   -0.00   -0.00   -0.00   -0.00   -0.00   -0.00   -0.00   -0.00   -0.00   -0.00   -0.00   -0.00   -4.37   -4.37   -4.37   -4.37
      25   -0.00   -0.00   -0.00   -0.00   -0.00   -0.00   -0.00   -0.00   -0.00   -0.00   -0.00   -0.00   -0.00   -0.00   -0.00   -0.00   -0.00   -0.00   -0.00   -0.00   -0.00   -0.00   -0.00   -0.00   -0.00   -0.00   -0.00   -0.00   -0.00   -0.00   -0.00   -4.37   -4.37   -4.37   -4.37
      26   -0.00   -0.00   -0.00   -0.00   -0.00   -0.00   -0.00   -0.00   -0.00   -0.00   -0.00   -0.00   -0.00   -0.00   -0.00   -0.00   -0.00   -0.00   -0.00   -0.00   -0.00   -0.00   -0.00   -0.00   -0.00   -0.00   -0.00   -0.00   -0.00   -0.00   -0.00   -4.37   -4.37   -4.37   -4.37
      27   -0.00   -0.00   -0.00   -0.00   -0.00   -0.00   -0.00   -0.00   -0.00   -0.00   -0.00   -0.00   -0.00   -0.00   -0.00   -0.00   -0.00   -0.00   -0.00   -0.00   -0.00   -0.00   -0.00   -0.00   -0.00   -0.00   -0.00   -0.00   -0.00   -0.00   -0.00   -4.37   -4.37   -4.37   -4.37
      28   -0.00   -0.00   -0.00   -0.00   -0.00   -0.00   -0.00   -0.00   -0.00   -0.00   -0.00   -0.00   -0.00   -0.00   -0.00   -0.00   -0.00   -0.00   -0.00   -0.00   -0.00   -0.00   -0.00   -0.00   -0.00   -0.00   -0.00   -0.00   -0.00   -0.00   -0.00   -4.37   -4.37   -4.37   -4.37
      29   -0.00   -0.00   -0.00   -0.00   -0.00   -0.00   -0.00   -0.00   -0.00   -0.00   -0.00   -0.00   -0.00   -0.00   -0.00   -0.00   -0.00   -0.00   -0.00   -0.00   -0.00   -0.00   -0.00   -0.00   -0.00   -0.00   -0.00   -0.00   -0.00   -0.00   -0.00   -4.37   -4.37   -4.37   -4.37
      30   -0.00   -0.00   -0.00   -0.00   -0.00   -0.00   -0.00   -0.00   -0.00   -0.00   -0.00   -0.00   -0.00   -0.00   -0.00   -0.00   -0.00   -0.00   -0.00   -0.00   -0.00   -0.00   -0.00   -0.00   -0.00   -0.00   -0.00   -0.00   -0.00   -0.00   -0.00   -4.37   -4.37   -4.37   -4.37
      31   -0.00   -0.00   -0.00   -0.00   -0.00   -0.00   -0.00   -0.00   -0.00   -0.00   -0.00   -0.00   -0.00   -0.00   -0.00   -0.00   -0.00   -0.00   -0.00   -0.00   -0.00   -0.00   -0.00   -0.00   -0.00   -0.00   -0.00   -0.00   -0.00   -0.00   -0.00   -4.37   -4.37   -4.37   -4.37
      32   -0.00   -0.00   -0.00   -0.00   -0.00   -0.00   -0.00   -0.00   -0.00   -0.00   -0.00   -0.00   -0.00   -0.00   -0.00   -0.00   -0.00   -0.00   -0.00   -0.00   -0.00   -0.00   -0.00   -0.00   -0.00   -0.00   -0.00   -0.00   -0.00   -0.00   -0.00   -4.37   -4.37   -4.37   -4.37
      33   -0.00   -0.00   -0.00   -0.00   -0.00   -0.00   -0.00   -0.00   -0.00   -0.00   -0.00   -0.00   -0.00   -0.00   -0.00   -0.00   -0.00   -0.00   -0.00   -0.00   -0.00   -0.00   -0.00   -0.00   -0.00   -0.00   -0.00   -0.00   -0.00   -0.00   -0.00   -4.37   -4.37   -4.37   -4.37
      34   -0.00   -0.00   -0.00   -0.00   -0.00   -0.00   -0.00   -0.00   -0.00   -0.00   -0.00   -0.00   -0.00   -0.00   -0.00   -0.00   -0.00   -0.00   -0.00   -0.00   -0.00   -0.00   -0.00   -0.00   -0.00   -0.00   -0.00   -0.00   -0.00   -0.00   -0.00   -4.37   -4.37   -4.37   -4.37
      35    0.56    0.56    0.56    0.56    0.56    0.56    0.56    0.56    0.56    0.56    0.56    0.56    0.56    0.56    0.56    0.56    0.56    0.56    0.56    0.56    0.56    0.56    0.56    0.56    0.56    0.56    0.56    0.56    0.56    0.56    0.56   -4.37   -4.37   -4.37   -4.37
      36   -4.37   -4.37   -4.37   -4.37   -4.37   -4.37   -4.37   -4.37   -4.37   -4.37   -4.37   -4.37   -4.37   -4.37   -4.37   -4.37   -4.37   -4.37   -4.37   -4.37   -4.37   -4.37   -4.37   -4.37   -4.37   -4.37   -4.37   -4.37   -4.37   -4.37   -4.37   -4.37   -4.37   -4.37   -4.37
      37   -4.37   -4.37   -4.37   -4.37   -4.37   -4.37   -4.37   -4.37   -4.37   -4.37   -4.37   -4.37   -4.37   -4.37   -4.37   -4.37   -4.37   -4.37   -4.37   -4.37   -4.37   -4.37   -4.37   -4.37   -4.37   -4.37   -4.37   -4.37   -4.37   -4.37   -4.37   -4.37   -4.37   -4.37   -4.37
      38   -4.37   -4.37   -4.37   -4.37   -4.37   -4.37   -4.37   -4.37   -4.37   -4.37   -4.37   -4.37   -4.37   -4.37   -4.37   -4.37   -4.37   -4.37   -4.37   -4.37   -4.37   -4.37   -4.37   -4.37   -4.37   -4.37   -4.37   -4.37   -4.37   -4.37   -4.37   -4.37   -4.37   -4.37   -4.37
      39   -4.37   -4.37   -4.37   -4.37   -4.37   -4.37   -4.37   -4.37   -4.37   -4.37   -4.37   -4.37   -4.37   -4.37   -4.37   -4.37   -4.37   -4.37   -4.37   -4.37   -4.37   -4.37   -4.37   -4.37   -4.37   -4.37   -4.37   -4.37   -4.37   -4.37   -4.37   -4.37   -4.37   -4.37   -4.37
