B:

               0       1       2       3       4       5       6       7       8       9      10      11      12      13      14      15      16      17      18      19      20      21      22      23      24      25      26      27      28      29      30      31      32      33      34
       0    -inf   -6.55   -5.46   -5.10   -4.92   -4.81   -4.73   -4.68   -4.64   -4.61   -4.59   -4.57   -4.55   -4.54   -4.53   -4.52   -4.51   -4.50   -4.49   -4.48   -4.48   -4.47   -4.47   -4.46   -4.46   -4.46   -4.45   -4.45   -4.45   -4.44   -4.44   -4.44   -4.44   -4.44   -4.43
       1    -inf   -6.55   -5.46   -5.10   -4.92   -4.81   -4.73   -4.68   -4.64   -4.61   -4.59   -4.57   -4.55   -4.54   -4.53   -4.52   -4.51   -4.50   -4.49   -4.48   -4.48   -4.47   -4.47   -4.46   -4.46   -4.46   -4.45   -4.45   -4.45   -4.44   -4.44   -4.44   -4.44   -4.44   -4.43
       2    -inf   -6.55   -5.46   -5.10   -4.92   -4.81   -4.73   -4.68   80.40   -4.61   -4.59   -4.57   -4.55   -4.54   -4.53   -4.52   -4.51   -4.50   -4.49   -4.48   -4.48   -4.47   -4.47   -4.46   -4.46   -4.46   -4.45   -4.45   -4.45   -4.44   -4.44   -4.44   -4.44   -4.44   -4.43
       3    -inf   -6.55   -5.46   -5.10   -4.92   -4.81   -4.73   -4.68   -4.64   -4.61   -4.59   -4.57   -4.55   -4.54   -4.53   -4.52   -4.51   -4.50   -4.49   -4.48   -4.48   -4.47   -4.47   -4.46   -4.46   -4.46   -4.45   -4.45   -4.45   -4.44   -4.44   -4.44   -4.44   -4.44   -4.43
       4    -inf   -6.55   -5.46   -5.10   -4.92   -4.81   -4.73   -4.68   -4.64   -4.61   -4.59   -4.57   -4.55   -4.54   -4.53   -4.52   -4.51   -4.50   -4.49   -4.48   -4.48   -4.47   -4.47   -4.46   -4.46   -4.46   -4.45   -4.45   -4.45   -4.44   -4.44   -4.44   -4.44   -4.44   -4.43
       5    -inf   -6.55   -5.46   -5.10   -4.92   -4.81   -4.73   -4.68   -4.64   -4.61   -4.59   -4.57   -4.55   -4.54   -4.53   -4.52   -4.51   -4.50   -4.49   -4.48   -4.48   -4.47   -4.47   -4.46   -4.46   -4.46   -4.45   -4.45   -4.45   -4.44   -4.44   -4.44   -4.44   -4.44   -4.43
       6    -inf   -0.01   -0.00   -0.00   -0.00   -0.00   -0.00   -0.00   -0.00   -0.00   -0.00   -0.00   -0.00   -0.00   -0.00   -0.00   -0.00   -0.00   -0.00   -0.00   -0.00   -0.00   -0.00   -0.00   -0.00   -0.00   -0.00   -0.00   -0.00   -0.00   -0.00   80.40   -4.44   -4.44   -4.43
       7    -inf   -0.01   -0.00   -0.00   -0.00   -0.00   -0.00   -0.00   -0.00   -0.00   -0.00   -0.00   -0.00   -0.00   -0.00   -0.00   -0.00   -0.00   -0.00   -0.00   -0.00   -0.00   -0.00   -0.00   -0.00   -0.00   -0.00   -0.00   -0.00   -0.00   -0.00   80.40   -4.44   -4.44   -4.43
       8    -inf   -0.01   -0.00   -0.00   -0.00   -0.00   -0.00   -0.00   -0.00   -0.00   -0.00   -0.00   -0.00   -0.00   -0.00   -0.00   -0.00   -0.00   -0.00   -0.00   -0.00   -0.00   -0.00   -0.00   -0.00   -0.00   -0.00   -0.00   -0.00   -0.00   -0.00   80.40   -4.44   -4.44   -4.43
       9    -inf   -0.01   -0.00   -0.00   -0.00   -0.00   -0.00   -0.00   -0.00   -0.00   -0.00   -0.00   -0.00   -0.00   -0.00   -0.00   -0.00   -0.00   -0.00   -0.00   -0.00   -0.00   -0.00   -0.00   -0.00   -0.00   -0.00   -0.00   -0.00   -0.00   -0.00   80.40   -4.44   -4.44   -4.43
      10    -inf   -0.01   -0.00   -0.00   -0.00   -0.00   -0.00   -0.00   -0.00   -0.00   -0.00   -0.00   -0.00   -0.00   -0.00   -0.00   -0.00   -0.00   -0.00   -0.00   -0.00   -0.00   -0.00   -0.00   -0.00   -0.00   -0.00   -0.00   -0.00   -0.00   -0.00   80.40   -4.44   -4.44   -4.43
      11    -inf   -0.01   -0.00   -0.00   -0.00   -0.00   -0.00   -0.00   -0.00   -0.00   -0.00   -0.00   -0.00   -0.00   -0.00   -0.00   -0.00   -0.00   -0.00   -0.00   -0.00   -0.00   -0.00   -0.00   -0.00   -0.00   -0.00   -0.00   -0.00   -0.00   -0.00   80.40   -4.44   -4.44   -4.43
      12    -inf   -0.01   -0.00   -0.00   -0.00   -0.00   -0.00   -0.00   -0.00   -0.00   -0.00   -0.00   -0.00   -0.00   -0.00   -0.00   -0.00   -0.00   -0.00   -0.00   -0.00   -0.00   -0.00   -0.00   -0.00   -0.00   -0.00   -0.00   -0.00   -0.00   -0.00   80.40   -4.44   -4.44   -4.43
      13    -inf   -0.01   -0.00   -0.00   -0.00   -0.00   -0.00   -0.00   -0.00   -0.00   -0.00   -0.00   -0.00   -0.00   -0.00   -0.00   -0.00   -0.00   -0.00   -0.00   -0.00   -0.00   -0.00   -0.00   -0.00   -0.00   -0.00   -0.00   -0.00   -0.00   -0.00   80.40   -4.44   -4.44   -4.43
      14    -inf   -0.01   -0.00   -0.00   -0.00   -0.00   -0.00   -0.00   -0.00   -0.00   -0.00   -0.00   -0.00   -0.00   -0.00   -0.00   -0.00   -0.00   -0.00   -0.00   -0.00   -0.00   -0.00   -0.00   -0.00   -0.00   -0.00   -0.00   -0.00   -0.00   -0.00   80.40   -4.44   -4.44   -4.43
      15    -inf   -0.01   -0.00   -0.00   -0.00   -0.00   -0.00   -0.00   -0.00   -0.00   -0.00   -0.00   -0.00   -0.00   -0.00   -0.00   -0.00   -0.00   -0.00   -0.00   -0.00   -0.00   -0.00   -0.00   -0.00   -0.00   -0.00   -0.00   -0.00   -0.00   -0.00   80.40   -4.44   -4.44   -4.43
      16    -inf   -0.01   -0.00   -0.00   -0.00   -0.00   -0.00   -0.00   -0.00   -0.00   -0.00   -0.00   -0.00   -0.00   -0.00   -0.00   -0.00   -0.00   -0.00   -0.00   -0.00   -0.00   -0.00   -0.00   -0.00   -0.00   -0.00   -0.00   -0.00   -0.00   -0.00   80.40   -4.44   -4.44   -4.43
      17    -inf   -0.01   -0.00   -0.00   -0.00   -0.00   -0.00   -0.00   -0.00   -0.00   -0.00   -0.00   -0.00   -0.00   -0.00   -0.00   -0.00   -0.00   -0.00   -0.00   -0.00   -0.00   -0.00   -0.00   -0.00   -0.00   -0.00   -0.00   -0.00   -0.00   -0.00   80.40   -4.44   -4.44   -4.43
      18    -inf   -0.01   -0.00   -0.00   -0.00   -0.00   -0.00   -0.00   -0.00   -0.00   -0.00   -0.00   -0.00   -0.00   -0.00   -0.00   -0.00   -0.00   -0.00   -0.00   -0.00   -0.00   -0.00   -0.00   -0.00   -0.00   -0.00   -0.00   -0.00   -0.00   -0.00   80.40   -4.44   -4.44   -4.43
      19    -inf   -0.01   -0.00   -0.00   -0.00   -0.00   -0.00   -0.00   -0.00   -0.00   -0.00   -0.00   -0.00   -0.00   -0.00   -0.00   -0.00   -0.00   -0.00   -0.00   -0.00   -0.00   -0.00   -0.00   -0.00   -0.00   -0.00   -0.00   -0.00   -0.00   -0.00   80.40   -4.44   -4.44   -4.43
      20    -inf   -0.01   -0.00   -0.00   -0.00   -0.00   -0.00   -0.00   -0.00   -0.00   -0.00   -0.00   -0.00   -0.00   -0.00   -0.00   -0.00   -0.00   -0.00   -0.00   -0.00   -0.00   -0.00   -0.00   -0.00   -0.00   -0.00   -0.00   -0.00   -0.00   -0.00   80.40   -4.44   -4.44   -4.43
      21    -inf   -0.01   -0.00   -0.00   -0.00   -0.00   -0.00   -0.00   -0.00   -0.00   -0.00   -0.00   -0.00   -0.00   -0.00   -0.00   -0.00   -0.00   -0.00   -0.00   -0.00   -0.00   -0.00   -0.00   -0.00   -0.00   -0.00   -0.00   -0.00   -0.00   -0.00   80.40   -4.44   -4.44   -4.43
      22    -inf   -0.01   -0.00   -0.00   -0.00   -0.00   -0.00   -0.00   -0.00   -0.00   -0.00   -0.00   -0.00   -0.00   -0.00   -0.00   -0.00   -0.00   -0.00   -0.00   -0.00   -0.00   -0.00   -0.00   -0.00   -0.00   -0.00   -0.00   -0.00   -0.00   -0.00   80.40   -4.44   -4.44   -4.43
      23    -inf   -0.01   -0.00   -0.00   -0.00   -0.00   -0.00   -0.00   -0.00   -0.00   -0.00   -0.00   -0.00   -0.00   -0.00   -0.00   -0.00   -0.00   -0.00   -0.00   -0.00   -0.00   -0.00   -0.00   -0.00   -0.00   -0.00   -0.00   -0.00   -0.00   -0.00   80.40   -4.44   -4.44   -4.43
      24    -inf   -0.01   -0.00   -0.00   -0.00   -0.00   -0.00   -0.00   -0.00   -0.00   -0.00   -0.00   -0.00   -0.00   -0.00   -0.00   -0.00   -0.00   -0.00   -0.00   -0.00   -0.00   -0.00   -0.00   -0.00   -0.00   -0.00   -0.00   -0.00   -0.00   -0.00   80.40   -4.44   -4.44   -4.43
      25    -inf   -0.01   -0.00   -0.00   -0.00   -0.00   -0.00   -0.00   -0.00   -0.00   -0.00   -0.00   -0.00   -0.00   -0.00   -0.00   -0.00   -0.00   -0.00   -0.00   -0.00   -0.00   -0.00   -0.00   -0.00   -0.00   -0.00   -0.00   -0.00   -0.00   -0.00   80.40   -4.44   -4.44   -4.43
      26    -inf   -0.01   -0.00   -0.00   -0.00   -0.00   -0.00   -0.00   -0.00   -0.00   -0.00   -0.00   -0.00   -0.00   -0.00   -0.00   -0.00   -0.00   -0.00   -0.00   -0.00   -0.00   -0.00   -0.00   -0.00   -0.00   -0.00   -0.00   -0.00   -0.00   -0.00   80.40   -4.44   -4.44   -4.43
      27    -inf   -0.01   -0.00   -0.00   -0.00   -0.00   -0.00   -0.00   -0.00   -0.00   -0.00   -0.00   -0.00   -0.00   -0.00   -0.00   -0.00   -0.00   -0.00   -0.00   -0.00   -0.00   -0.00   -0.00   -0.00   -0.00   -0.00   -0.00   -0.00   -0.00   -0.00   80.40   -4.44   -4.44   -4.43
      28    -inf   -0.01   -0.00   -0.00   -0.00   -0.00   -0.00   -0.00   -0.00   -0.00   -0.00   -0.00   -0.00   -0.00   -0.00   -0.00   -0.00   -0.00   -0.00   -0.00   -0.00   -0.00   -0.00   -0.00   -0.00   -0.00   -0.00   -0.00   -0.00   -0.00   -0.00   80.40   -4.44   -4.44   -4.43
      29    -inf   -0.01   -0.00   -0.00   -0.00   -0.00   -0.00   -0.00   -0.00   -0.00   -0.00   -0.00   -0.00   -0.00   -0.00   -0.00   -0.00   -0.00   -0.00   -0.00   -0.00   -0.00   -0.00   -0.00   -0.00   -0.00   -0.00   -0.00   -0.00   -0.00   -0.00   80.40   -4.44   -4.44   -4.43
      30    -inf   -0.01   -0.00   -0.00   -0.00   -0.00   -0.00   -0.00   -0.00   -0.00   -0.00   -0.00   -0.00   -0.00   -0.00   -0.00   -0.00   -0.00   -0.00   -0.00   -0.00   -0.00   -0.00   -0.00   -0.00   -0.00   -0.00   -0.00   -0.00   -0.00   -0.00   80.40   -4.44   -4.44   -4.43
      31    -inf   -0.01   -0.00   -0.00   -0.00   -0.00   -0.00   -0.00   -0.00   -0.00   -0.00   -0.00   -0.00   -0.00   -0.00   -0.00   -0.00   -0.00   -0.00   -0.00   -0.00   -0.00   -0.00   -0.00   -0.00   -0.00   -0.00   -0.00   -0.00   -0.00   -0.00   80.40   -4.44   -4.44   -4.43
      32    -inf   -0.01   -0.00   -0.00   -0.00   -0.00   -0.00   -0.00   -0.00   -0.00   -0.00   -0.00   -0.00   -0.00   -0.00   -0.00   -0.00   -0.00   -0.00   -0.00   -0.00   -0.00   -0.00   -0.00   -0.00   -0.00   -0.00   -0.00   -0.00   -0.00   -0.00   80.40   -4.44   -4.44   -4.43
      33    -inf   -0.01   -0.00   -0.00   -0.00   -0.00   -0.00   -0.00   -0.00   -0.00   -0.00   -0.00   -0.00   -0.00   -0.00   -0.00   -0.00   -0.00   -0.00   -0.00   -0.00   -0.00   -0.00   -0.00   -0.00   -0.00   -0.00   -0.00   -0.00   -0.00   -0.00   80.40   -4.44   -4.44   -4.43
      34    -inf   -0.01   -0.00   -0.00   -0.00   -0.00   -0.00   -0.00   -0.00   -0.00   -0.00   -0.00   -0.00   -0.00   -0.00   -0.00   -0.00   -0.00   -0.00   -0.00   -0.00   -0.00   -0.00   -0.00   -0.00   -0.00   -0.00   -0.00   -0.00   -0.00   -0.00   80.40   -4.44   -4.44   -4.43
      35    -inf   -6.55   -5.46   -5.10   -4.92   -4.81   -4.73   -4.68   -4.64   -4.61   -4.59   -4.57   -4.55   -4.54   -4.53   -4.52   -4.51   -4.50   -4.49   -4.48   -4.48   -4.47   -4.47   -4.46   -4.46   -4.46   -4.45   -4.45   -4.45   -4.44   -4.44   -4.44   -4.44   -4.44   -4.43
      36    -inf   -6.55   -5.46   -5.10   -4.92   -4.81   -4.73   -4.68   -4.64   -4.61   -4.59   -4.57   -4.55   -4.54   -4.53   -4.52   -4.51   -4.50   -4.49   -4.48   -4.48   -4.47   -4.47   -4.46   -4.46   -4.46   -4.45   -4.45   -4.45   -4.44   -4.44   -4.44   -4.44   -4.44   -4.43
      37    -inf   -6.55   -5.46   -5.10   -4.92   -4.81   -4.73   -4.68   -4.64   -4.61   -4.59   -4.57   -4.55   -4.54   -4.53   -4.52   -4.51   -4.50   -4.49   -4.48   -4.48   -4.47   -4.47   -4.46   -4.46   -4.46   -4.45   -4.45   -4.45   -4.44   -4.44   -4.44   -4.44   -4.44   -4.43
      38    -inf   -6.55   -5.46   -5.10   -4.92   -4.81   -4.73   -4.68   -4.64   -4.61   -4.59   -4.57   -4.55   -4.54   -4.53   -4.52   -4.51   -4.50   -4.49   -4.48   -4.48   -4.47   -4.47   -4.46   -4.46   -4.46   -4.45   -4.45   -4.45   -4.44   -4.44   -4.44   -4.44   -4.44   -4.43
      39    -inf   -6.55   -5.46   -5.10   -4.92   -4.81   -4.73   -4.68   -4.64   -4.61   -4.59   -4.57   -4.55   -4.54   -4.53   -4.52   -4.51   -4.50   -4.49   -4.48   -4.48   -4.47   -4.47   -4.46   -4.46   -4.46   -4.45   -4.45   -4.45   -4.44   -4.44   -4.44   -4.44   -4.44   -4.43
