betta:

               0       1       2       3       4       5       6       7       8       9      10      11      12      13      14      15      16      17      18      19      20      21      22      23      24      25      26      27      28      29      30      31      32      33      34
       0    0.00    0.00    0.00    0.00    0.00    0.00    0.00    0.00    0.00    0.00    0.00    0.00    0.00    0.00    0.00    0.00    0.00    0.00    0.00    0.00    0.00    0.00    0.00    0.00    0.00    0.00    0.00    0.00    0.00    0.00    0.00    0.00    0.00    0.00    0.00
       1    0.00    0.00   39.71   62.38   76.90   86.14   92.10   96.06   98.81  100.80  102.30  103.47  104.41  105.18  105.83  106.38  106.85  107.26  107.62  107.94  108.23  108.48  108.71  108.92  109.11  109.29  109.45  109.60  109.73  109.86  109.98  110.09  110.19  110.29  110.38
       2    0.00    0.00   40.43   63.51   78.29   87.70   93.77   97.80  100.60   75.67   92.29   99.67  103.03  104.71  105.68  106.34  106.85  107.27  107.63  107.95  108.23  108.48  108.71  108.92  109.11  109.29  109.45  109.60  109.73  109.86  109.98  110.09  110.19  110.29  110.38
       3    0.00    0.00   39.71   62.38   76.90   86.14   92.10   96.06   98.81  100.80  102.30  103.47  104.41  105.18  105.83  106.38  106.85  107.26  107.62  107.94  108.23  108.48  108.71  108.92  109.11  109.29  109.45  109.60  109.73  109.86  109.98  110.09  110.19  110.29  110.38
       4    0.00    0.00   39.71   62.38   76.90   86.14   92.10   96.06   98.81  100.80  102.30  103.47  104.41  105.18  105.83  106.38  106.85  107.26  107.62  107.94  108.23  108.48  108.71  108.92  109.11  109.29  109.45  109.60  109.73  109.86  109.98  110.09  110.19  110.29  110.38
       5    0.00    0.00   39.71   62.38   76.90   86.14   92.10   96.06   98.81  100.80  102.30  103.47  104.41  105.18  105.83  106.38  106.85  107.26  107.62  107.94  108.23  108.48  108.71  108.92  109.11  109.29  109.45  109.60  109.73  109.86  109.98  110.09  110.19  110.29  110.38
       6    0.00    0.00  298.51  298.76  298.84  298.88  298.91  298.92  298.94  298.94  298.95  298.96  298.96  298.97  298.97  298.97  298.97  298.98  298.98  298.98  298.98  298.98  298.98  298.98  298.99  298.99  298.99  298.99  298.99  298.99  298.99  298.99    2.07   56.50   86.95
       7    0.00    0.00  298.51  298.76  298.84  298.88  298.91  298.92  298.94  298.94  298.95  298.96  298.96  298.97  298.97  298.97  298.97  298.98  298.98  298.98  298.98  298.98  298.98  298.98  298.99  298.99  298.99  298.99  298.99  298.99  298.99  298.99    2.07   56.50   86.95
       8    0.00    0.00  298.51  298.76  298.84  298.88  298.91  298.92  298.94  298.94  298.95  298.96  298.96  298.97  298.97  298.97  298.97  298.98  298.98  298.98  298.98  298.98  298.98  298.98  298.99  298.99  298.99  298.99  298.99  298.99  298.99  298.99    2.07   56.50   86.95
       9    0.00    0.00  298.51  298.76  298.84  298.88  298.91  298.92  298.94  298.94  298.95  298.96  298.96  298.97  298.97  298.97  298.97  298.98  298.98  298.98  298.98  298.98  298.98  298.98  298.99  298.99  298.99  298.99  298.99  298.99  298.99  298.99    2.07   56.50   86.95
      10    0.00    0.00  298.51  298.76  298.84  298.88  298.91  298.92  298.94  298.94  298.95  298.96  298.96  298.97  298.97  298.97  298.97  298.98  298.98  298.98  298.98  298.98  298.98  298.98  298.99  298.99  298.99  298.99  298.99  298.99  298.99  298.99    2.07   56.50   86.95
      11    0.00    0.00  298.51  298.76  298.84  298.88  298.91  298.92  298.94  298.94  298.95  298.96  298.96  298.97  298.97  298.97  298.97  298.98  298.98  298.98  298.98  298.98  298.98  298.98  298.99  298.99  298.99  298.99  298.99  298.99  298.99  298.99    2.07   56.50   86.95
      12    0.00    0.00  298.51  298.76  298.84  298.88  298.91  298.92  298.94  298.94  298.95  298.96  298.96  298.97  298.97  298.97  298.97  298.98  298.98  298.98  298.98  298.98  298.98  298.98  298.99  298.99  298.99  298.99  298.99  298.99  298.99  298.99    2.07   56.50   86.95
      13    0.00    0.00  298.51  298.76  298.84  298.88  298.91  298.92  298.94  298.94  298.95  298.96  298.96  298.97  298.97  298.97  298.97  298.98  298.98  298.98  298.98  298.98  298.98  298.98  298.99  298.99  298.99  298.99  298.99  298.99  298.99  298.99    2.07   56.50   86.95
      14    0.00    0.00  298.51  298.76  298.84  298.88  298.91  298.92  298.94  298.94  298.95  298.96  298.96  298.97  298.97  298.97  298.97  298.98  298.98  298.98  298.98  298.98  298.98  298.98  298.99  298.99  298.99  298.99  298.99  298.99  298.99  298.99    2.07   56.50   86.95
      15    0.00    0.00  298.51  298.76  298.84  298.88  298.91  298.92  298.94  298.94  298.95  298.96  298.96  298.97  298.97  298.97  298.97  298.98  298.98  298.98  298.98  298.98  298.98  298.98  298.99  298.99  298.99  298.99  298.99  298.99  298.99  298.99    2.07   56.50   86.95
      16    0.00    0.00  298.51  298.76  298.84  298.88  298.91  298.92  298.94  298.94  298.95  298.96  298.96  298.97  298.97  298.97  298.97  298.98  298.98  298.98  298.98  298.98  298.98  298.98  298.99  298.99  298.99  298.99  298.99  298.99  298.99  298.99    2.07   56.50   86.95
      17    0.00    0.00  298.51  298.76  298.84  298.88  298.91  298.92  298.94  298.94  298.95  298.96  298.96  298.97  298.97  298.97  298.97  298.98  298.98  298.98  298.98  298.98  298.98  298.98  298.99  298.99  298.99  298.99  298.99  298.99  298.99  298.99    2.07   56.50   86.95
      18    0.00    0.00  298.51  298.76  298.84  298.88  298.91  298.92  298.94  298.94  298.95  298.96  298.96  298.97  298.97  298.97  298.97  298.98  298.98  298.98  298.98  298.98  298.98  298.98  298.99  298.99  298.99  298.99  298.99  298.99  298.99  298.99    2.07   56.50   86.95
      19    0.00    0.00  298.51  298.76  298.84  298.88  298.91  298.92  298.94  298.94  298.95  298.96  298.96  298.97  298.97  298.97  298.97  298.98  298.98  298.98  298.98  298.98  298.98  298.98  298.99  298.99  298.99  298.99  298.99  298.99  298.99  298.99    2.07   56.50   86.95
      20    0.00    0.00  298.51  298.76  298.84  298.88  298.91  298.92  298.94  298.94  298.95  298.96  298.96  298.97  298.97  298.97  298.97  298.98  298.98  298.98  298.98  298.98  298.98  298.98  298.99  298.99  298.99  298.99  298.99  298.99  298.99  298.99    2.07   56.50   86.95
      21    0.00    0.00  298.51  298.76  298.84  298.88  298.91  298.92  298.94  298.94  298.95  298.96  298.96  298.97  298.97  298.97  298.97  298.98  298.98  298.98  298.98  298.98  298.98  298.98  298.99  298.99  298.99  298.99  298.99  298.99  298.99  298.99    2.07   56.50   86.95
      22    0.00    0.00  298.51  298.76  298.84  298.88  298.91  298.92  298.94  298.94  298.95  298.96  298.96  298.97  298.97  298.97  298.97  298.98  298.98  298.98  298.98  298.98  298.98  298.98  298.99  298.99  298.99  298.99  298.99  298.99  298.99  298.99    2.07   56.50   86.95
      23    0.00    0.00  298.51  298.76  298.84  298.88  298.91  298.92  298.94  298.94  298.95  298.96  298.96  298.97  298.97  298.97  298.97  298.98  298.98  298.98  298.98  298.98  298.98  298.98  298.99  298.99  298.99  298.99  298.99  298.99  298.99  298.99    2.07   56.50   86.95
      24    0.00    0.00  298.51  298.76  298.84  298.88  298.91  298.92  298.94  298.94  298.95  298.96  298.96  298.97  298.97  298.97  298.97  298.98  298.98  298.98  298.98  298.98  298.98  298.98  298.99  298.99  298.99  298.99  298.99  298.99  298.99  298.99    2.07   56.50   86.95
      25    0.00    0.00  298.51  298.76  298.84  298.88  298.91  298.92  298.94  298.94  298.95  298.96  298.96  298.97  298.97  298.97  298.97  298.98  298.98  298.98  298.98  298.98  298.98  298.98  298.99  298.99  298.99  298.99  298.99  298.99  298.99  298.99    2.07   56.50   86.95
      26    0.00    0.00  298.51  298.76  298.84  298.88  298.91  298.92  298.94  298.94  298.95  298.96  298.96  298.97  298.97  298.97  298.97  298.98  298.98  298.98  298.98  298.98  298.98  298.98  298.99  298.99  298.99  298.99  298.99  298.99  298.99  298.99    2.07   56.50   86.95
      27    0.00    0.00  298.51  298.76  298.84  298.88  298.91  298.92  298.94  298.94  298.95  298.96  298.96  298.97  298.97  298.97  298.97  298.98  298.98  298.98  298.98  298.98  298.98  298.98  298.99  298.99  298.99  298.99  298.99  298.99  298.99  298.99    2.07   56.50   86.95
      28    0.00    0.00  298.51  298.76  298.84  298.88  298.91  298.92  298.94  298.94  298.95  298.96  298.96  298.97  298.97  298.97  298.97  298.98  298.98  298.98  298.98  298.98  298.98  298.98  298.99  298.99  298.99  298.99  298.99  298.99  298.99  298.99    2.07   56.50   86.95
      29    0.00    0.00  298.51  298.76  298.84  298.88  298.91  298.92  298.94  298.94  298.95  298.96  298.96  298.97  298.97  298.97  298.97  298.98  298.98  298.98  298.98  298.98  298.98  298.98  298.99  298.99  298.99  298.99  298.99  298.99  298.99  298.99    2.07   56.50   86.95
      30    0.00    0.00  298.51  298.76  298.84  298.88  298.91  298.92  298.94  298.94  298.95  298.96  298.96  298.97  298.97  298.97  298.97  298.98  298.98  298.98  298.98  298.98  298.98  298.98  298.99  298.99  298.99  298.99  298.99  298.99  298.99  298.99    2.07   56.50   86.95
      31    0.00    0.00  298.51  298.76  298.84  298.88  298.91  298.92  298.94  298.94  298.95  298.96  298.96  298.97  298.97  298.97  298.97  298.98  298.98  298.98  298.98  298.98  298.98  298.98  298.99  298.99  298.99  298.99  298.99  298.99  298.99  298.99    2.07   56.50   86.95
      32    0.00    0.00  298.51  298.76  298.84  298.88  298.91  298.92  298.94  298.94  298.95  298.96  298.96  298.97  298.97  298.97  298.97  298.98  298.98  298.98  298.98  298.98  298.98  298.98  298.99  298.99  298.99  298.99  298.99  298.99  298.99  298.99    2.07   56.50   86.95
      33    0.00    0.00  298.51  298.76  298.84  298.88  298.91  298.92  298.94  298.94  298.95  298.96  298.96  298.97  298.97  298.97  298.97  298.98  298.98  298.98  298.98  298.98  298.98  298.98  298.99  298.99  298.99  298.99  298.99  298.99  298.99  298.99    2.07   56.50   86.95
      34    0.00    0.00  298.51  298.76  298.84  298.88  298.91  298.92  298.94  298.94  298.95  298.96  298.96  298.97  298.97  298.97  298.97  298.98  298.98  298.98  298.98  298.98  298.98  298.98  298.99  298.99  298.99  298.99  298.99  298.99  298.99  298.99    2.07   56.50   86.95
      35    0.00    0.00   39.71   62.38   76.90   86.14   92.10   96.06   98.81  100.80  102.30  103.47  104.41  105.18  105.83  106.38  106.85  107.26  107.62  107.94  108.23  108.48  108.71  108.92  109.11  109.29  109.45  109.60  109.73  109.86  109.98  110.09  110.19  110.29  110.38
      36    0.00    0.00   39.71   62.38   76.90   86.14   92.10   96.06   98.81  100.80  102.30  103.47  104.41  105.18  105.83  106.38  106.85  107.26  107.62  107.94  108.23  108.48  108.71  108.92  109.11  109.29  109.45  109.60  109.73  109.86  109.98  110.09  110.19  110.29  110.38
      37    0.00    0.00   39.71   62.38   76.90   86.14   92.10   96.06   98.81  100.80  102.30  103.47  104.41  105.18  105.83  106.38  106.85  107.26  107.62  107.94  108.23  108.48  108.71  108.92  109.11  109.29  109.45  109.60  109.73  109.86  109.98  110.09  110.19  110.29  110.38
      38    0.00    0.00   39.71   62.38   76.90   86.14   92.10   96.06   98.81  100.80  102.30  103.47  104.41  105.18  105.83  106.38  106.85  107.26  107.62  107.94  108.23  108.48  108.71  108.92  109.11  109.29  109.45  109.60  109.73  109.86  109.98  110.09  110.19  110.29  110.38
      39    0.00    0.00    0.00    0.00    0.00    0.00    0.00    0.00    0.00    0.00    0.00    0.00    0.00    0.00    0.00    0.00    0.00    0.00    0.00    0.00    0.00    0.00    0.00    0.00    0.00    0.00    0.00    0.00    0.00    0.00    0.00    0.00    0.00    0.00    0.00
