Cz:

               0       1       2       3       4       5       6       7       8       9      10      11      12      13      14      15      16      17      18      19      20      21      22      23      24      25      26      27      28      29      30      31      32      33      34
       0    9.74    9.74    9.74    9.74    9.74    9.74    9.74    9.74    9.74    9.74    9.74    9.74    9.74    9.74    9.74    9.74    9.74    9.74    9.74    9.74    9.74    9.74    9.74    9.74    9.74    9.74    9.74    9.74    9.74    9.74    9.74    9.74    9.74    9.74    9.74
       1 -160.80 -160.80 -160.80 -160.80 -160.80 -160.80 -160.80 -160.80    9.74    9.74    9.74    9.74    9.74    9.74    9.74    9.74    9.74    9.74    9.74    9.74    9.74    9.74    9.74    9.74    9.74    9.74    9.74    9.74    9.74    9.74    9.74    9.74    9.74    9.74    9.74
       2    9.74    9.74    9.74    9.74    9.74    9.74    9.74    9.74    9.74    9.74    9.74    9.74    9.74    9.74    9.74    9.74    9.74    9.74    9.74    9.74    9.74    9.74    9.74    9.74    9.74    9.74    9.74    9.74    9.74    9.74    9.74    9.74    9.74    9.74    9.74
       3 -160.80 -160.80 -160.80 -160.80 -160.80 -160.80 -160.80 -160.80    9.74    9.74    9.74    9.74    9.74    9.74    9.74    9.74    9.74    9.74    9.74    9.74    9.74    9.74    9.74    9.74    9.74    9.74    9.74    9.74    9.74    9.74    9.74    9.74    9.74    9.74    9.74
       4    9.74    9.74    9.74    9.74    9.74    9.74    9.74    9.74    9.74    9.74    9.74    9.74    9.74    9.74    9.74    9.74    9.74    9.74    9.74    9.74    9.74    9.74    9.74    9.74    9.74    9.74    9.74    9.74    9.74    9.74    9.74    9.74    9.74    9.74    9.74
       5  -80.96  -80.96  -80.96  -80.96  -80.96  -80.96  -80.96  -80.96  -80.96  -80.96  -80.96  -80.96  -80.96  -80.96  -80.96  -80.96  -80.96  -80.96  -80.96  -80.96  -80.96  -80.96  -80.96  -80.96  -80.96  -80.96  -80.96  -80.96  -80.96  -80.96  -80.96    9.74    9.74    9.74    9.74
       6    1.01    1.01    1.01    1.01    1.01    1.01    1.01    1.01    1.01    1.01    1.01    1.01    1.01    1.01    1.01    1.01    1.01    1.01    1.01    1.01    1.01    1.01    1.01    1.01    1.01    1.01    1.01    1.01    1.01    1.01    1.01    9.74    9.74    9.74    9.74
       7    1.01    1.01    1.01    1.01    1.01    1.01    1.01    1.01    1.01    1.01    1.01    1.01    1.01    1.01    1.01    1.01    1.01    1.01    1.01    1.01    1.01    1.01    1.01    1.01    1.01    1.01    1.01    1.01    1.01    1.01    1.01    9.74    9.74    9.74    9.74
       8    1.01    1.01    1.01    1.01    1.01    1.01    1.01    1.01    1.01    1.01    1.01    1.01    1.01    1.01    1.01    1.01    1.01    1.01    1.01    1.01    1.01    1.01    1.01    1.01    1.01    1.01    1.01    1.01    1.01    1.01    1.01    9.74    9.74    9.74    9.74
       9    1.01    1.01    1.01    1.01    1.01    1.01    1.01    1.01    1.01    1.01    1.01    1.01    1.01    1.01    1.01    1.01    1.01    1.01    1.01    1.01    1.01    1.01    1.01    1.01    1.01    1.01    1.01    1.01    1.01    1.01    1.01    9.74    9.74    9.74    9.74
      10    1.01    1.01    1.01    1.01    1.01    1.01    1.01    1.01    1.01    1.01    1.01    1.01    1.01    1.01    1.01    1.01    1.01    1.01    1.01    1.01    1.01    1.01    1.01    1.01    1.01    1.01    1.01    1.01    1.01    1.01    1.01    9.74    9.74    9.74    9.74
      11    1.01    1.01    1.01    1.01    1.01    1.01    1.01    1.01    1.01    1.01    1.01    1.01    1.01    1.01    1.01    1.01    1.01    1.01    1.01    1.01    1.01    1.01    1.01    1.01    1.01    1.01    1.01    1.01    1.01    1.01    1.01    9.74    9.74    9.74    9.74
      12    1.01    1.01    1.01    1.01    1.01    1.01    1.01    1.01    1.01    1.01    1.01    1.01    1.01    1.01    1.01    1.01    1.01    1.01    1.01    1.01    1.01    1.01    1.01    1.01    1.01    1.01    1.01    1.01    1.01    1.01    1.01    9.74    9.74    9.74    9.74
      13    1.01    1.01    1.01    1.01    1.01    1.01    1.01    1.01    1.01    1.01    1.01    1.01    1.01    1.01    1.01    1.01    1.01    1.01    1.01    1.01    1.01    1.01    1.01    1.01    1.01    1.01    1.01    1.01    1.01    1.01    1.01    9.74    9.74    9.74    9.74
      14    1.01    1.01    1.01    1.01    1.01    1.01    1.01    1.01    1.01    1.01    1.01    1.01    1.01    1.01    1.01    1.01    1.01    1.01    1.01    1.01    1.01    1.01    1.01    1.01    1.01    1.01    1.01    1.01    1.01    1.01    1.01    9.74    9.74    9.74    9.74
      15    1.01    1.01    1.01    1.01    1.01    1.01    1.01    1.01    1.01    1.01    1.01    1.01    1.01    1.01    1.01    1.01    1.01    1.01    1.01    1.01    1.01    1.01    1.01    1.01    1.01    1.01    1.01    1.01    1.01    1.01    1.01    9.74    9.74    9.74    9.74
      16    1.01    1.01    1.01    1.01    1.01    1.01    1.01    1.01    1.01    1.01    1.01    1.01    1.01    1.01    1.01    1.01    1.01    1.01    1.01    1.01    1.01    1.01    1.01    1.01    1.01    1.01    1.01    1.01    1.01    1.01    1.01    9.74    9.74    9.74    9.74
      17    1.01    1.01    1.01    1.01    1.01    1.01    1.01    1.01    1.01    1.01    1.01    1.01    1.01    1.01    1.01    1.01    1.01    1.01    1.01    1.01    1.01    1.01    1.01    1.01    1.01    1.01    1.01    1.01    1.01    1.01    1.01    9.74    9.74    9.74    9.74
      18    1.01    1.01    1.01    1.01    1.01    1.01    1.01    1.01    1.01    1.01    1.01    1.01    1.01    1.01    1.01    1.01    1.01    1.01    1.01    1.01    1.01    1.01    1.01    1.01    1.01    1.01    1.01    1.01    1.01    1.01    1.01    9.74    9.74    9.74    9.74
      19    1.01    1.01    1.01    1.01    1.01    1.01    1.01    1.01    1.01    1.01    1.01    1.01    1.01    1.01    1.01    1.01    1.01    1.01    1.01    1.01    1.01    1.01    1.01    1.01    1.01    1.01    1.01    1.01    1.01    1.01    1.01    9.74    9.74    9.74    9.74
      20    1.01    1.01    1.01    1.01    1.01    1.01    1.01    1.01    1.01    1.01    1.01    1.01    1.01    1.01    1.01    1.01    1.01    1.01    1.01    1.01    1.01    1.01    1.01    1.01    1.01    1.01    1.01    1.01    1.01    1.01    1.01    9.74    9.74    9.74    9.74
      21    1.01    1.01    1.01    1.01    1.01    1.01    1.01    1.01    1.01    1.01    1.01    1.01    1.01    1.01    1.01    1.01    1.01    1.01    1.01    1.01    1.01    1.01    1.01    1.01    1.01    1.01    1.01    1.01    1.01    1.01    1.01    9.74    9.74    9.74    9.74
      22    1.01    1.01    1.01    1.01    1.01    1.01    1.01    1.01    1.01    1.01    1.01    1.01    1.01    1.01    1.01    1.01    1.01    1.01    1.01    1.01    1.01    1.01    1.01    1.01    1.01    1.01    1.01    1.01    1.01    1.01    1.01    9.74    9.74    9.74    9.74
      23    1.01    1.01    1.01    1.01    1.01    1.01    1.01    1.01    1.01    1.01    1.01    1.01    1.01    1.01    1.01    1.01    1.01    1.01    1.01    1.01    1.01    1.01    1.01    1.01    1.01    1.01    1.01    1.01    1.01    1.01    1.01    9.74    9.74    9.74    9.74
      24    1.01    1.01    1.01    1.01    1.01    1.01    1.01    1.01    1.01    1.01    1.01    1.01    1.01    1.01    1.01    1.01    1.01    1.01    1.01    1.01    1.01    1.01    1.01    1.01    1.01    1.01    1.01    1.01    1.01    1.01    1.01    9.74    9.74    9.74    9.74
      25    1.01    1.01    1.01    1.01    1.01    1.01    1.01    1.01    1.01    1.01    1.01    1.01    1.01    1.01    1.01    1.01    1.01    1.01    1.01    1.01    1.01    1.01    1.01    1.01    1.01    1.01    1.01    1.01    1.01    1.01    1.01    9.74    9.74    9.74    9.74
      26    1.01    1.01    1.01    1.01    1.01    1.01    1.01    1.01    1.01    1.01    1.01    1.01    1.01    1.01    1.01    1.01    1.01    1.01    1.01    1.01    1.01    1.01    1.01    1.01    1.01    1.01    1.01    1.01    1.01    1.01    1.01    9.74    9.74    9.74    9.74
      27    1.01    1.01    1.01    1.01    1.01    1.01    1.01    1.01    1.01    1.01    1.01    1.01    1.01    1.01    1.01    1.01    1.01    1.01    1.01    1.01    1.01    1.01    1.01    1.01    1.01    1.01    1.01    1.01    1.01    1.01    1.01    9.74    9.74    9.74    9.74
      28    1.01    1.01    1.01    1.01    1.01    1.01    1.01    1.01    1.01    1.01    1.01    1.01    1.01    1.01    1.01    1.01    1.01    1.01    1.01    1.01    1.01    1.01    1.01    1.01    1.01    1.01    1.01    1.01    1.01    1.01    1.01    9.74    9.74    9.74    9.74
      29    1.01    1.01    1.01    1.01    1.01    1.01    1.01    1.01    1.01    1.01    1.01    1.01    1.01    1.01    1.01    1.01    1.01    1.01    1.01    1.01    1.01    1.01    1.01    1.01    1.01    1.01    1.01    1.01    1.01    1.01    1.01    9.74    9.74    9.74    9.74
      30    1.01    1.01    1.01    1.01    1.01    1.01    1.01    1.01    1.01    1.01    1.01    1.01    1.01    1.01    1.01    1.01    1.01    1.01    1.01    1.01    1.01    1.01    1.01    1.01    1.01    1.01    1.01    1.01    1.01    1.01    1.01    9.74    9.74    9.74    9.74
      31    1.01    1.01    1.01    1.01    1.01    1.01    1.01    1.01    1.01    1.01    1.01    1.01    1.01    1.01    1.01    1.01    1.01    1.01    1.01    1.01    1.01    1.01    1.01    1.01    1.01    1.01    1.01    1.01    1.01    1.01    1.01    9.74    9.74    9.74    9.74
      32    1.01    1.01    1.01    1.01    1.01    1.01    1.01    1.01    1.01    1.01    1.01    1.01    1.01    1.01    1.01    1.01    1.01    1.01    1.01    1.01    1.01    1.01    1.01    1.01    1.01    1.01    1.01    1.01    1.01    1.01    1.01    9.74    9.74    9.74    9.74
      33    1.01    1.01    1.01    1.01    1.01    1.01    1.01    1.01    1.01    1.01    1.01    1.01    1.01    1.01    1.01    1.01    1.01    1.01    1.01    1.01    1.01    1.01    1.01    1.01    1.01    1.01    1.01    1.01    1.01    1.01    1.01    9.74    9.74    9.74    9.74
      34    1.01    1.01    1.01    1.01    1.01    1.01    1.01    1.01    1.01    1.01    1.01    1.01    1.01    1.01    1.01    1.01    1.01    1.01    1.01    1.01    1.01    1.01    1.01    1.01    1.01    1.01    1.01    1.01    1.01    1.01    1.01    9.74    9.74    9.74    9.74
      35  -80.96  -80.96  -80.96  -80.96  -80.96  -80.96  -80.96  -80.96  -80.96  -80.96  -80.96  -80.96  -80.96  -80.96  -80.96  -80.96  -80.96  -80.96  -80.96  -80.96  -80.96  -80.96  -80.96  -80.96  -80.96  -80.96  -80.96  -80.96  -80.96  -80.96  -80.96    9.74    9.74    9.74    9.74
      36    9.74    9.74    9.74    9.74    9.74    9.74    9.74    9.74    9.74    9.74    9.74    9.74    9.74    9.74    9.74    9.74    9.74    9.74    9.74    9.74    9.74    9.74    9.74    9.74    9.74    9.74    9.74    9.74    9.74    9.74    9.74    9.74    9.74    9.74    9.74
      37    9.74    9.74    9.74    9.74    9.74    9.74    9.74    9.74    9.74    9.74    9.74    9.74    9.74    9.74    9.74    9.74    9.74    9.74    9.74    9.74    9.74    9.74    9.74    9.74    9.74    9.74    9.74    9.74    9.74    9.74    9.74    9.74    9.74    9.74    9.74
      38    9.74    9.74    9.74    9.74    9.74    9.74    9.74    9.74    9.74    9.74    9.74    9.74    9.74    9.74    9.74    9.74    9.74    9.74    9.74    9.74    9.74    9.74    9.74    9.74    9.74    9.74    9.74    9.74    9.74    9.74    9.74    9.74    9.74    9.74    9.74
      39    9.74    9.74    9.74    9.74    9.74    9.74    9.74    9.74    9.74    9.74    9.74    9.74    9.74    9.74    9.74    9.74    9.74    9.74    9.74    9.74    9.74    9.74    9.74    9.74    9.74    9.74    9.74    9.74    9.74    9.74    9.74    9.74    9.74    9.74    9.74
