D:

               0       1       2       3       4       5       6       7       8       9      10      11      12      13      14      15      16      17      18      19      20      21      22      23      24      25      26      27      28      29      30      31      32      33      34
       0-nan(ind)  300.00  300.00  300.00  300.00  300.00  300.00  300.00  300.00  300.00  300.00  300.00  300.00  300.00  300.00  300.00  300.00  300.00  300.00  300.00  300.00  300.00  300.00  300.00  300.00  300.00  300.00  300.00  300.00  300.00  300.00  300.00  300.00  300.00  300.00
       1-nan(ind)  300.00  300.00  300.00  300.00  300.00  300.00  300.00  300.00  300.00  300.00  300.00  300.00  300.00  300.00  300.00  300.00  300.00  300.00  300.00  300.00  300.00  300.00  300.00  300.00  300.00  300.00  300.00  300.00  300.00  300.00  300.00  300.00  300.00  300.00
       2-nan(ind)  305.43  305.43  305.43  305.43  305.43  305.43  305.43    0.00  300.00  300.00  300.00  300.00  300.00  300.00  300.00  300.00  300.00  300.00  300.00  300.00  300.00  300.00  300.00  300.00  300.00  300.00  300.00  300.00  300.00  300.00  300.00  300.00  300.00  300.00
       3-nan(ind)  300.00  300.00  300.00  300.00  300.00  300.00  300.00  300.00  300.00  300.00  300.00  300.00  300.00  300.00  300.00  300.00  300.00  300.00  300.00  300.00  300.00  300.00  300.00  300.00  300.00  300.00  300.00  300.00  300.00  300.00  300.00  300.00  300.00  300.00
       4-nan(ind)  300.00  300.00  300.00  300.00  300.00  300.00  300.00  300.00  300.00  300.00  300.00  300.00  300.00  300.00  300.00  300.00  300.00  300.00  300.00  300.00  300.00  300.00  300.00  300.00  300.00  300.00  300.00  300.00  300.00  300.00  300.00  300.00  300.00  300.00
       5-nan(ind)  300.00  300.00  300.00  300.00  300.00  300.00  300.00  300.00  300.00  300.00  300.00  300.00  300.00  300.00  300.00  300.00  300.00  300.00  300.00  300.00  300.00  300.00  300.00  300.00  300.00  300.00  300.00  300.00  300.00  300.00  300.00  300.00  300.00  300.00
       6-nan(ind)  300.00  300.00  300.00  300.00  300.00  300.00  300.00  300.00  300.00  300.00  300.00  300.00  300.00  300.00  300.00  300.00  300.00  300.00  300.00  300.00  300.00  300.00  300.00  300.00  300.00  300.00  300.00  300.00  300.00  300.00    0.00  300.00  300.00  300.00
       7-nan(ind)  300.00  300.00  300.00  300.00  300.00  300.00  300.00  300.00  300.00  300.00  300.00  300.00  300.00  300.00  300.00  300.00  300.00  300.00  300.00  300.00  300.00  300.00  300.00  300.00  300.00  300.00  300.00  300.00  300.00  300.00    0.00  300.00  300.00  300.00
       8-nan(ind)  300.00  300.00  300.00  300.00  300.00  300.00  300.00  300.00  300.00  300.00  300.00  300.00  300.00  300.00  300.00  300.00  300.00  300.00  300.00  300.00  300.00  300.00  300.00  300.00  300.00  300.00  300.00  300.00  300.00  300.00    0.00  300.00  300.00  300.00
       9-nan(ind)  300.00  300.00  300.00  300.00  300.00  300.00  300.00  300.00  300.00  300.00  300.00  300.00  300.00  300.00  300.00  300.00  300.00  300.00  300.00  300.00  300.00  300.00  300.00  300.00  300.00  300.00  300.00  300.00  300.00  300.00    0.00  300.00  300.00  300.00
      10-nan(ind)  300.00  300.00  300.00  300.00  300.00  300.00  300.00  300.00  300.00  300.00  300.00  300.00  300.00  300.00  300.00  300.00  300.00  300.00  300.00  300.00  300.00  300.00  300.00  300.00  300.00  300.00  300.00  300.00  300.00  300.00    0.00  300.00  300.00  300.00
      11-nan(ind)  300.00  300.00  300.00  300.00  300.00  300.00  300.00  300.00  300.00  300.00  300.00  300.00  300.00  300.00  300.00  300.00  300.00  300.00  300.00  300.00  300.00  300.00  300.00  300.00  300.00  300.00  300.00  300.00  300.00  300.00    0.00  300.00  300.00  300.00
      12-nan(ind)  300.00  300.00  300.00  300.00  300.00  300.00  300.00  300.00  300.00  300.00  300.00  300.00  300.00  300.00  300.00  300.00  300.00  300.00  300.00  300.00  300.00  300.00  300.00  300.00  300.00  300.00  300.00  300.00  300.00  300.00    0.00  300.00  300.00  300.00
      13-nan(ind)  300.00  300.00  300.00  300.00  300.00  300.00  300.00  300.00  300.00  300.00  300.00  300.00  300.00  300.00  300.00  300.00  300.00  300.00  300.00  300.00  300.00  300.00  300.00  300.00  300.00  300.00  300.00  300.00  300.00  300.00    0.00  300.00  300.00  300.00
      14-nan(ind)  300.00  300.00  300.00  300.00  300.00  300.00  300.00  300.00  300.00  300.00  300.00  300.00  300.00  300.00  300.00  300.00  300.00  300.00  300.00  300.00  300.00  300.00  300.00  300.00  300.00  300.00  300.00  300.00  300.00  300.00    0.00  300.00  300.00  300.00
      15-nan(ind)  300.00  300.00  300.00  300.00  300.00  300.00  300.00  300.00  300.00  300.00  300.00  300.00  300.00  300.00  300.00  300.00  300.00  300.00  300.00  300.00  300.00  300.00  300.00  300.00  300.00  300.00  300.00  300.00  300.00  300.00    0.00  300.00  300.00  300.00
      16-nan(ind)  300.00  300.00  300.00  300.00  300.00  300.00  300.00  300.00  300.00  300.00  300.00  300.00  300.00  300.00  300.00  300.00  300.00  300.00  300.00  300.00  300.00  300.00  300.00  300.00  300.00  300.00  300.00  300.00  300.00  300.00    0.00  300.00  300.00  300.00
      17-nan(ind)  300.00  300.00  300.00  300.00  300.00  300.00  300.00  300.00  300.00  300.00  300.00  300.00  300.00  300.00  300.00  300.00  300.00  300.00  300.00  300.00  300.00  300.00  300.00  300.00  300.00  300.00  300.00  300.00  300.00  300.00    0.00  300.00  300.00  300.00
      18-nan(ind)  300.00  300.00  300.00  300.00  300.00  300.00  300.00  300.00  300.00  300.00  300.00  300.00  300.00  300.00  300.00  300.00  300.00  300.00  300.00  300.00  300.00  300.00  300.00  300.00  300.00  300.00  300.00  300.00  300.00  300.00    0.00  300.00  300.00  300.00
      19-nan(ind)  300.00  300.00  300.00  300.00  300.00  300.00  300.00  300.00  300.00  300.00  300.00  300.00  300.00  300.00  300.00  300.00  300.00  300.00  300.00  300.00  300.00  300.00  300.00  300.00  300.00  300.00  300.00  300.00  300.00  300.00    0.00  300.00  300.00  300.00
      20-nan(ind)  300.00  300.00  300.00  300.00  300.00  300.00  300.00  300.00  300.00  300.00  300.00  300.00  300.00  300.00  300.00  300.00  300.00  300.00  300.00  300.00  300.00  300.00  300.00  300.00  300.00  300.00  300.00  300.00  300.00  300.00    0.00  300.00  300.00  300.00
      21-nan(ind)  300.00  300.00  300.00  300.00  300.00  300.00  300.00  300.00  300.00  300.00  300.00  300.00  300.00  300.00  300.00  300.00  300.00  300.00  300.00  300.00  300.00  300.00  300.00  300.00  300.00  300.00  300.00  300.00  300.00  300.00    0.00  300.00  300.00  300.00
      22-nan(ind)  300.00  300.00  300.00  300.00  300.00  300.00  300.00  300.00  300.00  300.00  300.00  300.00  300.00  300.00  300.00  300.00  300.00  300.00  300.00  300.00  300.00  300.00  300.00  300.00  300.00  300.00  300.00  300.00  300.00  300.00    0.00  300.00  300.00  300.00
      23-nan(ind)  300.00  300.00  300.00  300.00  300.00  300.00  300.00  300.00  300.00  300.00  300.00  300.00  300.00  300.00  300.00  300.00  300.00  300.00  300.00  300.00  300.00  300.00  300.00  300.00  300.00  300.00  300.00  300.00  300.00  300.00    0.00  300.00  300.00  300.00
      24-nan(ind)  300.00  300.00  300.00  300.00  300.00  300.00  300.00  300.00  300.00  300.00  300.00  300.00  300.00  300.00  300.00  300.00  300.00  300.00  300.00  300.00  300.00  300.00  300.00  300.00  300.00  300.00  300.00  300.00  300.00  300.00    0.00  300.00  300.00  300.00
      25-nan(ind)  300.00  300.00  300.00  300.00  300.00  300.00  300.00  300.00  300.00  300.00  300.00  300.00  300.00  300.00  300.00  300.00  300.00  300.00  300.00  300.00  300.00  300.00  300.00  300.00  300.00  300.00  300.00  300.00  300.00  300.00    0.00  300.00  300.00  300.00
      26-nan(ind)  300.00  300.00  300.00  300.00  300.00  300.00  300.00  300.00  300.00  300.00  300.00  300.00  300.00  300.00  300.00  300.00  300.00  300.00  300.00  300.00  300.00  300.00  300.00  300.00  300.00  300.00  300.00  300.00  300.00  300.00    0.00  300.00  300.00  300.00
      27-nan(ind)  300.00  300.00  300.00  300.00  300.00  300.00  300.00  300.00  300.00  300.00  300.00  300.00  300.00  300.00  300.00  300.00  300.00  300.00  300.00  300.00  300.00  300.00  300.00  300.00  300.00  300.00  300.00  300.00  300.00  300.00    0.00  300.00  300.00  300.00
      28-nan(ind)  300.00  300.00  300.00  300.00  300.00  300.00  300.00  300.00  300.00  300.00  300.00  300.00  300.00  300.00  300.00  300.00  300.00  300.00  300.00  300.00  300.00  300.00  300.00  300.00  300.00  300.00  300.00  300.00  300.00  300.00    0.00  300.00  300.00  300.00
      29-nan(ind)  300.00  300.00  300.00  300.00  300.00  300.00  300.00  300.00  300.00  300.00  300.00  300.00  300.00  300.00  300.00  300.00  300.00  300.00  300.00  300.00  300.00  300.00  300.00  300.00  300.00  300.00  300.00  300.00  300.00  300.00    0.00  300.00  300.00  300.00
      30-nan(ind)  300.00  300.00  300.00  300.00  300.00  300.00  300.00  300.00  300.00  300.00  300.00  300.00  300.00  300.00  300.00  300.00  300.00  300.00  300.00  300.00  300.00  300.00  300.00  300.00  300.00  300.00  300.00  300.00  300.00  300.00    0.00  300.00  300.00  300.00
      31-nan(ind)  300.00  300.00  300.00  300.00  300.00  300.00  300.00  300.00  300.00  300.00  300.00  300.00  300.00  300.00  300.00  300.00  300.00  300.00  300.00  300.00  300.00  300.00  300.00  300.00  300.00  300.00  300.00  300.00  300.00  300.00    0.00  300.00  300.00  300.00
      32-nan(ind)  300.00  300.00  300.00  300.00  300.00  300.00  300.00  300.00  300.00  300.00  300.00  300.00  300.00  300.00  300.00  300.00  300.00  300.00  300.00  300.00  300.00  300.00  300.00  300.00  300.00  300.00  300.00  300.00  300.00  300.00    0.00  300.00  300.00  300.00
      33-nan(ind)  300.00  300.00  300.00  300.00  300.00  300.00  300.00  300.00  300.00  300.00  300.00  300.00  300.00  300.00  300.00  300.00  300.00  300.00  300.00  300.00  300.00  300.00  300.00  300.00  300.00  300.00  300.00  300.00  300.00  300.00    0.00  300.00  300.00  300.00
      34-nan(ind)  300.00  300.00  300.00  300.00  300.00  300.00  300.00  300.00  300.00  300.00  300.00  300.00  300.00  300.00  300.00  300.00  300.00  300.00  300.00  300.00  300.00  300.00  300.00  300.00  300.00  300.00  300.00  300.00  300.00  300.00    0.00  300.00  300.00  300.00
      35-nan(ind)  300.00  300.00  300.00  300.00  300.00  300.00  300.00  300.00  300.00  300.00  300.00  300.00  300.00  300.00  300.00  300.00  300.00  300.00  300.00  300.00  300.00  300.00  300.00  300.00  300.00  300.00  300.00  300.00  300.00  300.00  300.00  300.00  300.00  300.00
      36-nan(ind)  300.00  300.00  300.00  300.00  300.00  300.00  300.00  300.00  300.00  300.00  300.00  300.00  300.00  300.00  300.00  300.00  300.00  300.00  300.00  300.00  300.00  300.00  300.00  300.00  300.00  300.00  300.00  300.00  300.00  300.00  300.00  300.00  300.00  300.00
      37-nan(ind)  300.00  300.00  300.00  300.00  300.00  300.00  300.00  300.00  300.00  300.00  300.00  300.00  300.00  300.00  300.00  300.00  300.00  300.00  300.00  300.00  300.00  300.00  300.00  300.00  300.00  300.00  300.00  300.00  300.00  300.00  300.00  300.00  300.00  300.00
      38-nan(ind)  300.00  300.00  300.00  300.00  300.00  300.00  300.00  300.00  300.00  300.00  300.00  300.00  300.00  300.00  300.00  300.00  300.00  300.00  300.00  300.00  300.00  300.00  300.00  300.00  300.00  300.00  300.00  300.00  300.00  300.00  300.00  300.00  300.00  300.00
      39-nan(ind)  300.00  300.00  300.00  300.00  300.00  300.00  300.00  300.00  300.00  300.00  300.00  300.00  300.00  300.00  300.00  300.00  300.00  300.00  300.00  300.00  300.00  300.00  300.00  300.00  300.00  300.00  300.00  300.00  300.00  300.00  300.00  300.00  300.00  300.00
