data:

               0       1       2       3       4       5       6       7       8       9      10      11      12      13      14      15      16      17      18      19      20      21      22      23      24      25      26      27      28      29      30      31      32      33      34
       0  300.00  300.00  300.00  300.00  300.00  300.00  300.00  300.00  300.00  300.00  300.00  300.00  300.00  300.00  300.00  300.00  300.00  300.00  300.00  300.00  300.00  300.00  300.00  300.00  300.00  300.00  300.00  300.00  300.00  300.00  300.00  300.00  300.00  300.00  300.00
       1  300.00  300.00  300.00  300.00  300.00  300.00  300.00  300.00  300.00  300.00  300.00  300.00  300.00  300.00  300.00  300.00  300.00  300.00  300.00  300.00  300.00  300.00  300.00  300.00  300.00  300.00  300.00  300.00  300.00  300.00  300.00  300.00  300.00  300.00  300.00
       2  300.00  300.00  300.00  300.00  300.00  300.00  300.00  300.00  300.00  300.00  300.00  300.00  300.00  300.00  300.00  300.00  300.00  300.00  300.00  300.00  300.00  300.00  300.00  300.00  300.00  300.00  300.00  300.00  300.00  300.00  300.00  300.00  300.00  300.00  300.00
       3  300.00  300.00  300.00  300.00  300.00  300.00  300.00  300.00  300.00  300.00  300.00  300.00  300.00  300.00  300.00  300.00  300.00  300.00  300.00  300.00  300.00  300.00  300.00  300.00  300.00  300.00  300.00  300.00  300.00  300.00  300.00  300.00  300.00  300.00  300.00
       4  300.00  300.00  300.00  300.00  300.00  300.00  300.00  300.00  300.00  300.00  300.00  300.00  300.00  300.00  300.00  300.00  300.00  300.00  300.00  300.00  300.00  300.00  300.00  300.00  300.00  300.00  300.00  300.00  300.00  300.00  300.00  300.00  300.00  300.00  300.00
       5  300.00  300.00  300.00  300.00  300.00  300.00  300.00  300.00  300.00  300.00  300.00  300.00  300.00  300.00  300.00  300.00  300.00  300.00  300.00  300.00  300.00  300.00  300.00  300.00  300.00  300.00  300.00  300.00  300.00  300.00  300.00  300.00  300.00  300.00  300.00
       6  300.00  300.00  300.00  300.00  300.00  300.00  300.00  300.00  300.00  300.00  300.00  300.00  300.00  300.00  300.00  300.00  300.00  300.00  300.00  300.00  300.00  300.00  300.00  300.00  300.00  300.00  300.00  300.00  300.00  300.00  300.00  300.00  300.00  300.00  300.00
       7  300.00  300.00  300.00  300.00  300.00  300.00  300.00  300.00  300.00  300.00  300.00  300.00  300.00  300.00  300.00  300.00  300.00  300.00  300.00  300.00  300.00  300.00  300.00  300.00  300.00  300.00  300.00  300.00  300.00  300.00  300.00  300.00  300.00  300.00  300.00
       8  300.00  300.00  300.00  300.00  300.00  300.00  300.00  300.00  300.00  300.00  300.00  300.00  300.00  300.00  300.00  300.00  300.00  300.00  300.00  300.00  300.00  300.00  300.00  300.00  300.00  300.00  300.00  300.00  300.00  300.00  300.00  300.00  300.00  300.00  300.00
       9  300.00  300.00  300.00  300.00  300.00  300.00  300.00  300.00  300.00  300.00  300.00  300.00  300.00  300.00  300.00  300.00  300.00  300.00  300.00  300.00  300.00  300.00  300.00  300.00  300.00  300.00  300.00  300.00  300.00  300.00  300.00  300.00  300.00  300.00  300.00
      10  300.00  300.00  300.00  300.00  300.00  300.00  300.00  300.00  300.00  300.00  300.00  300.00  300.00  300.00  300.00  300.00  300.00  300.00  300.00  300.00  300.00  300.00  300.00  300.00  300.00  300.00  300.00  300.00  300.00  300.00  300.00  300.00  300.00  300.00  300.00
      11  300.00  300.00  300.00  300.00  300.00  300.00  300.00  300.00  300.00  300.00  300.00  300.00  300.00  300.00  300.00  300.00  300.00  300.00  300.00  300.00  300.00  300.00  300.00  300.00  300.00  300.00  300.00  300.00  300.00  300.00  300.00  300.00  300.00  300.00  300.00
      12  300.00  300.00  300.00  300.00  300.00  300.00  300.00  300.00  300.00  300.00  300.00  300.00  300.00  300.00  300.00  300.00  300.00  300.00  300.00  300.00  300.00  300.00  300.00  300.00  300.00  300.00  300.00  300.00  300.00  300.00  300.00  300.00  300.00  300.00  300.00
      13  300.00  300.00  300.00  300.00  300.00  300.00  300.00  300.00  300.00  300.00  300.00  300.00  300.00  300.00  300.00  300.00  300.00  300.00  300.00  300.00  300.00  300.00  300.00  300.00  300.00  300.00  300.00  300.00  300.00  300.00  300.00  300.00  300.00  300.00  300.00
      14  300.00  300.00  300.00  300.00  300.00  300.00  300.00  300.00  300.00  300.00  300.00  300.00  300.00  300.00  300.00  300.00  300.00  300.00  300.00  300.00  300.00  300.00  300.00  300.00  300.00  300.00  300.00  300.00  300.00  300.00  300.00  300.00  300.00  300.00  300.00
      15  300.00  300.00  300.00  300.00  300.00  300.00  300.00  300.00  300.00  300.00  300.00  300.00  300.00  300.00  300.00  300.00  300.00  300.00  300.00  300.00  300.00  300.00  300.00  300.00  300.00  300.00  300.00  300.00  300.00  300.00  300.00  300.00  300.00  300.00  300.00
      16  300.00  300.00  300.00  300.00  300.00  300.00  300.00  300.00  300.00  300.00  300.00  300.00  300.00  300.00  300.00  300.00  300.00  300.00  300.00  300.00  300.00  300.00  300.00  300.00  300.00  300.00  300.00  300.00  300.00  300.00  300.00  300.00  300.00  300.00  300.00
      17  300.00  300.00  300.00  300.00  300.00  300.00  300.00  300.00  300.00  300.00  300.00  300.00  300.00  300.00  300.00  300.00  300.00  300.00  300.00  300.00  300.00  300.00  300.00  300.00  300.00  300.00  300.00  300.00  300.00  300.00  300.00  300.00  300.00  300.00  300.00
      18  300.00  300.00  300.00  300.00  300.00  300.00  300.00  300.00  300.00  300.00  300.00  300.00  300.00  300.00  300.00  300.00  300.00  300.00  300.00  300.00  300.00  300.00  300.00  300.00  300.00  300.00  300.00  300.00  300.00  300.00  300.00  300.00  300.00  300.00  300.00
      19  300.00  300.00  300.00  300.00  300.00  300.00  300.00  300.00  300.00  300.00  300.00  300.00  300.00  300.00  300.00  300.00  300.00  300.00  300.00  300.00  300.00  300.00  300.00  300.00  300.00  300.00  300.00  300.00  300.00  300.00  300.00  300.00  300.00  300.00  300.00
      20  300.00  300.00  300.00  300.00  300.00  300.00  300.00  300.00  300.00  300.00  300.00  300.00  300.00  300.00  300.00  300.00  300.00  300.00  300.00  300.00  300.00  300.00  300.00  300.00  300.00  300.00  300.00  300.00  300.00  300.00  300.00  300.00  300.00  300.00  300.00
      21  300.00  300.00  300.00  300.00  300.00  300.00  300.00  300.00  300.00  300.00  300.00  300.00  300.00  300.00  300.00  300.00  300.00  300.00  300.00  300.00  300.00  300.00  300.00  300.00  300.00  300.00  300.00  300.00  300.00  300.00  300.00  300.00  300.00  300.00  300.00
      22  300.00  300.00  300.00  300.00  300.00  300.00  300.00  300.00  300.00  300.00  300.00  300.00  300.00  300.00  300.00  300.00  300.00  300.00  300.00  300.00  300.00  300.00  300.00  300.00  300.00  300.00  300.00  300.00  300.00  300.00  300.00  300.00  300.00  300.00  300.00
      23  300.00  300.00  300.00  300.00  300.00  300.00  300.00  300.00  300.00  300.00  300.00  300.00  300.00  300.00  300.00  300.00  300.00  300.00  300.00  300.00  300.00  300.00  300.00  300.00  300.00  300.00  300.00  300.00  300.00  300.00  300.00  300.00  300.00  300.00  300.00
      24  300.00  300.00  300.00  300.00  300.00  300.00  300.00  300.00  300.00  300.00  300.00  300.00  300.00  300.00  300.00  300.00  300.00  300.00  300.00  300.00  300.00  300.00  300.00  300.00  300.00  300.00  300.00  300.00  300.00  300.00  300.00  300.00  300.00  300.00  300.00
      25  300.00  300.00  300.00  300.00  300.00  300.00  300.00  300.00  300.00  300.00  300.00  300.00  300.00  300.00  300.00  300.00  300.00  300.00  300.00  300.00  300.00  300.00  300.00  300.00  300.00  300.00  300.00  300.00  300.00  300.00  300.00  300.00  300.00  300.00  300.00
      26  300.00  300.00  300.00  300.00  300.00  300.00  300.00  300.00  300.00  300.00  300.00  300.00  300.00  300.00  300.00  300.00  300.00  300.00  300.00  300.00  300.00  300.00  300.00  300.00  300.00  300.00  300.00  300.00  300.00  300.00  300.00  300.00  300.00  300.00  300.00
      27  300.00  300.00  300.00  300.00  300.00  300.00  300.00  300.00  300.00  300.00  300.00  300.00  300.00  300.00  300.00  300.00  300.00  300.00  300.00  300.00  300.00  300.00  300.00  300.00  300.00  300.00  300.00  300.00  300.00  300.00  300.00  300.00  300.00  300.00  300.00
      28  300.00  300.00  300.00  300.00  300.00  300.00  300.00  300.00  300.00  300.00  300.00  300.00  300.00  300.00  300.00  300.00  300.00  300.00  300.00  300.00  300.00  300.00  300.00  300.00  300.00  300.00  300.00  300.00  300.00  300.00  300.00  300.00  300.00  300.00  300.00
      29  300.00  300.00  300.00  300.00  300.00  300.00  300.00  300.00  300.00  300.00  300.00  300.00  300.00  300.00  300.00  300.00  300.00  300.00  300.00  300.00  300.00  300.00  300.00  300.00  300.00  300.00  300.00  300.00  300.00  300.00  300.00  300.00  300.00  300.00  300.00
      30  300.00  300.00  300.00  300.00  300.00  300.00  300.00  300.00  300.00  300.00  300.00  300.00  300.00  300.00  300.00  300.00  300.00  300.00  300.00  300.00  300.00  300.00  300.00  300.00  300.00  300.00  300.00  300.00  300.00  300.00  300.00  300.00  300.00  300.00  300.00
      31  300.00  300.00  300.00  300.00  300.00  300.00  300.00  300.00  300.00  300.00  300.00  300.00  300.00  300.00  300.00  300.00  300.00  300.00  300.00  300.00  300.00  300.00  300.00  300.00  300.00  300.00  300.00  300.00  300.00  300.00  300.00  300.00  300.00  300.00  300.00
      32  300.00  300.00  300.00  300.00  300.00  300.00  300.00  300.00  300.00  300.00  300.00  300.00  300.00  300.00  300.00  300.00  300.00  300.00  300.00  300.00  300.00  300.00  300.00  300.00  300.00  300.00  300.00  300.00  300.00  300.00  300.00  300.00  300.00  300.00  300.00
      33  300.00  300.00  300.00  300.00  300.00  300.00  300.00  300.00  300.00  300.00  300.00  300.00  300.00  300.00  300.00  300.00  300.00  300.00  300.00  300.00  300.00  300.00  300.00  300.00  300.00  300.00  300.00  300.00  300.00  300.00  300.00  300.00  300.00  300.00  300.00
      34  300.00  300.00  300.00  300.00  300.00  300.00  300.00  300.00  300.00  300.00  300.00  300.00  300.00  300.00  300.00  300.00  300.00  300.00  300.00  300.00  300.00  300.00  300.00  300.00  300.00  300.00  300.00  300.00  300.00  300.00  300.00  300.00  300.00  300.00  300.00
      35  300.00  300.00  300.00  300.00  300.00  300.00  300.00  300.00  300.00  300.00  300.00  300.00  300.00  300.00  300.00  300.00  300.00  300.00  300.00  300.00  300.00  300.00  300.00  300.00  300.00  300.00  300.00  300.00  300.00  300.00  300.00  300.00  300.00  300.00  300.00
      36  300.00  300.00  300.00  300.00  300.00  300.00  300.00  300.00  300.00  300.00  300.00  300.00  300.00  300.00  300.00  300.00  300.00  300.00  300.00  300.00  300.00  300.00  300.00  300.00  300.00  300.00  300.00  300.00  300.00  300.00  300.00  300.00  300.00  300.00  300.00
      37  300.00  300.00  300.00  300.00  300.00  300.00  300.00  300.00  300.00  300.00  300.00  300.00  300.00  300.00  300.00  300.00  300.00  300.00  300.00  300.00  300.00  300.00  300.00  300.00  300.00  300.00  300.00  300.00  300.00  300.00  300.00  300.00  300.00  300.00  300.00
      38  300.00  300.00  300.00  300.00  300.00  300.00  300.00  300.00  300.00  300.00  300.00  300.00  300.00  300.00  300.00  300.00  300.00  300.00  300.00  300.00  300.00  300.00  300.00  300.00  300.00  300.00  300.00  300.00  300.00  300.00  300.00  300.00  300.00  300.00  300.00
      39  300.00  300.00  300.00  300.00  300.00  300.00  300.00  300.00  300.00  300.00  300.00  300.00  300.00  300.00  300.00  300.00  300.00  300.00  300.00  300.00  300.00  300.00  300.00  300.00  300.00  300.00  300.00  300.00  300.00  300.00  300.00  300.00  300.00  300.00  300.00
