Dz:

               0       1       2       3       4       5       6       7       8       9      10      11      12      13      14      15      16      17      18      19      20      21      22      23      24      25      26      27      28      29      30      31      32      33      34      35      36      37      38      39      40      41      42      43      44      45      46      47      48      49      50      51      52      53      54      55      56      57      58      59      60      61      62      63      64      65      66      67      68      69      70      71      72      73      74      75      76      77      78      79      80      81      82
       0     0.0     0.0     0.0     0.0     0.0     0.0     0.0     0.0     0.0     0.0     0.0     0.0     0.0     0.0     0.0     0.0     0.0     0.0     0.0     0.0     0.0     0.0     0.0     0.0     0.0     0.0     0.0     0.0     0.0     0.0     0.0     0.0     0.0     0.0     0.0     0.0     0.0     0.0     0.0     0.0     0.0     0.0     0.0     0.0     0.0     0.0     0.0     0.0     0.0     0.0     0.0     0.0     0.0     0.0     0.0     0.0     0.0     0.0     0.0     0.0     0.0     0.0     0.0     0.0     0.0     0.0     0.0     0.0     0.0     0.0     0.0     0.0     0.0     0.0     0.0     0.0     0.0     0.0     0.0     0.0     0.0     0.0     0.0
       1     0.0 10316.1 10283.2 10250.3 10217.4 10184.4 10151.5 10118.5 10085.5 10052.4 10019.4  9986.4  9953.3  9920.2  9887.1  9854.0  9820.9  9787.8  9754.6  9721.5  9688.3  9655.1  9621.9  9588.6  9555.4  9522.1  9488.9  9455.6  9422.3  9389.0  9355.6  9322.3  9288.9  9255.6  9222.2  9188.8  9155.3  9121.9  9088.5  9055.0  9022.1  9021.1  8987.6  8953.7  8919.7  8885.7  8851.6  8817.5  8783.3  8749.1  8714.9  8680.6  8646.3  8611.9  8577.5  8543.0  8508.5  8473.9  8439.3  8404.6  8369.9  8335.1  8300.3  8265.5  8230.6  8195.7  8160.8  8125.9  8091.0  8058.6  8056.0  8053.9  8021.9  8020.6  8020.6  8020.6  8020.6  8020.6  8020.6  8020.8  8045.8  9436.4     0.0
       2     0.0 10280.0 10247.1 10214.1 10181.0 10148.0 10114.9 10081.9 10048.8 10015.7  9982.6  9949.4  9916.3  9883.1  9849.9  9816.7  9783.5  9750.3  9717.1  9683.8  9650.6  9617.3  9584.0  9550.7  9517.3  9484.0  9450.6  9417.3  9383.9  9350.5  9317.0  9283.6  9250.2  9216.7  9183.2  9149.7  9116.2  9082.7  9049.2  9016.1  9015.2  8981.6  8947.6  8913.6  8879.5  8845.4  8811.2  8776.9  8742.7  8708.3  8674.0  8639.6  8605.1  8570.6  8536.0  8501.5  8466.8  8432.1  8397.4  8362.6  8327.8  8292.9  8258.0  8223.0  8188.1  8153.1  8118.0  8083.1  8050.5  8048.0  8045.9  8013.8  8012.5  8012.5  8012.5  8012.5  8012.5  8012.5  8012.6  8035.4  9430.9  9441.5     0.0
       3     0.0 10280.0 10247.1 10214.1 10181.0 10148.0 10114.9 10081.9 10048.8 10015.7  9982.5  9949.4  9916.3  9883.1  9849.9  9816.7  9783.5  9750.3  9717.1  9683.8  9650.5  9617.3  9584.0  9550.6  9517.3  9484.0  9450.6  9417.2  9383.9  9350.5  9317.0  9283.6  9250.2  9216.7  9183.2  9149.7  9116.2  9082.7  9049.6  9048.8  9015.2  8981.2  8947.2  8913.1  8879.0  8844.8  8810.6  8776.3  8742.0  8707.7  8673.3  8638.8  8604.3  8569.8  8535.2  8500.6  8465.9  8431.2  8396.4  8361.6  8326.7  8291.9  8256.9  8222.0  8187.0  8152.0  8117.0  8084.4  8081.9  8080.0  8047.7  8046.5  8046.5  8046.5  8046.5  8046.5  8046.5  8046.6  8066.9  9466.1  9449.5  9451.5     0.0
       4     0.0 10280.0 10247.1 10214.1 10181.0 10148.0 10114.9 10081.9 10048.8 10015.7  9982.5  9949.4  9916.3  9883.1  9849.9  9816.7  9783.5  9750.3  9717.1  9683.8  9650.5  9617.3  9584.0  9550.6  9517.3  9484.0  9450.6  9417.2  9383.9  9350.5  9317.0  9283.6  9250.2  9216.7  9183.2  9149.7  9116.2  9083.1  9082.3  9048.8  9014.8  8980.8  8946.7  8912.6  8878.4  8844.2  8810.0  8775.7  8741.4  8707.0  8672.5  8638.1  8603.6  8569.0  8534.4  8499.7  8465.0  8430.3  8395.5  8360.6  8325.7  8290.8  8255.9  8220.9  8185.9  8151.0  8118.4  8115.9  8114.0  8081.7  8080.4  8080.4  8080.4  8080.4  8080.4  8080.4  8080.5  8098.4  9501.3  9482.9  9459.5  9461.4     0.0
       5     0.0 10280.0 10247.1 10214.1 10181.0 10148.0 10114.9 10081.9 10048.8 10015.7  9982.5  9949.4  9916.3  9883.1  9849.9  9816.7  9783.5  9750.3  9717.1  9683.8  9650.5  9617.3  9584.0  9550.6  9517.3  9484.0  9450.6  9417.2  9383.9  9350.5  9317.0  9283.6  9250.2  9216.7  9183.2  9149.7  9116.6  9115.9  9082.3  9048.3  9014.3  8980.3  8946.2  8912.0  8877.9  8843.6  8809.4  8775.0  8740.7  8706.3  8671.8  8637.3  8602.7  8568.2  8533.5  8498.8  8464.1  8429.3  8394.5  8359.6  8324.7  8289.8  8254.8  8219.8  8184.9  8152.3  8149.8  8148.0  8115.6  8114.4  8114.4  8114.4  8114.4  8114.4  8114.4  8114.5  8129.9  9536.5  9516.2  9492.9  9469.4  9471.0     0.0
       6     0.0 10280.0 10247.1 10214.1 10181.0 10148.0 10114.9 10081.9 10048.8 10015.7  9982.5  9949.4  9916.3  9883.1  9849.9  9816.7  9783.5  9750.3  9717.1  9683.8  9650.5  9617.3  9584.0  9550.6  9517.3  9484.0  9450.6  9417.2  9383.9  9350.5  9317.0  9283.6  9250.2  9216.7  9183.2  9150.0  9149.5  9115.8  9081.9  9047.9  9013.9  8979.8  8945.6  8911.5  8877.3  8843.0  8808.7  8774.3  8739.9  8705.5  8671.0  8636.5  8601.9  8567.3  8532.6  8497.9  8463.1  8428.3  8393.4  8358.6  8323.7  8288.7  8253.8  8218.8  8186.2  8183.7  8182.0  8149.5  8148.3  8148.3  8148.3  8148.3  8148.3  8148.3  8148.4  8161.4  9571.7  9549.6  9526.2  9502.7  9479.0  9480.5     0.0
       7     0.0 10280.0 10247.1 10214.1 10181.0 10148.0 10114.9 10081.9 10048.8 10015.7  9982.5  9949.4  9916.3  9883.1  9849.9  9816.7  9783.5  9750.3  9717.1  9683.8  9650.5  9617.3  9584.0  9550.6  9517.3  9484.0  9450.6  9417.2  9383.9  9350.5  9317.0  9283.6  9250.2  9216.7  9183.5  9183.0  9149.3  9115.4  9081.4  9047.4  9013.3  8979.2  8945.1  8910.9  8876.6  8842.3  8808.0  8773.6  8739.2  8704.7  8670.2  8635.6  8601.0  8566.4  8531.7  8496.9  8462.1  8427.3  8392.4  8357.5  8322.6  8287.7  8252.8  8220.0  8217.7  8215.9  8183.4  8182.3  8182.3  8182.3  8182.3  8182.3  8182.3  8182.3  8192.9  9606.8  9582.9  9559.5  9536.0  9512.4  9488.5  9489.8     0.0
       8     0.0 10280.0 10247.1 10214.1 10181.0 10148.0 10114.9 10081.9 10048.8 10015.7  9982.5  9949.4  9916.3  9883.1  9849.9  9816.7  9783.5  9750.3  9717.1  9683.8  9650.5  9617.3  9584.0  9550.6  9517.3  9484.0  9450.6  9417.2  9383.9  9350.5  9317.0  9283.6  9250.2  9216.9  9216.5  9182.8  9148.9  9115.0  9080.9  9046.9  9012.8  8978.7  8944.5  8910.2  8876.0  8841.7  8807.3  8772.9  8738.4  8703.9  8669.4  8634.8  8600.1  8565.5  8530.7  8495.9  8461.1  8426.3  8391.4  8356.5  8321.5  8286.6  8253.9  8251.6  8249.9  8217.2  8216.2  8216.2  8216.2  8216.2  8216.2  8216.2  8216.2  8224.3  9642.0  9616.1  9592.8  9569.3  9545.7  9521.8  9497.8  9498.9     0.0
       9     0.0 10280.0 10247.1 10214.1 10181.0 10148.0 10114.9 10081.9 10048.8 10015.7  9982.5  9949.4  9916.3  9883.1  9849.9  9816.7  9783.5  9750.3  9717.1  9683.8  9650.5  9617.3  9584.0  9550.6  9517.3  9484.0  9450.6  9417.2  9383.9  9350.5  9317.0  9283.6  9250.3  9250.0  9216.3  9182.4  9148.5  9114.5  9080.4  9046.4  9012.2  8978.1  8943.9  8909.6  8875.3  8840.9  8806.5  8772.1  8737.6  8703.1  8668.5  8633.9  8599.2  8564.5  8529.7  8494.9  8460.1  8425.2  8390.3  8355.4  8320.5  8287.7  8285.4  8283.8  8251.1  8250.1  8250.1  8250.1  8250.1  8250.1  8250.1  8250.1  8255.7  9677.2  9649.4  9626.1  9602.6  9579.0  9555.2  9531.1  9507.0  9507.9     0.0
      10     0.0 10279.8 10246.8 10213.8 10180.8 10147.8 10114.8 10081.7 10048.6 10015.5  9982.4  9949.3  9916.2  9883.0  9849.9  9816.7  9783.5  9750.3  9717.1  9683.8  9650.6  9617.3  9584.0  9550.7  9517.4  9484.1  9450.7  9417.4  9384.0  9350.6  9317.2  9283.9  9283.7  9250.0  9216.1  9182.2  9148.2  9114.2  9080.2  9046.1  9011.9  8977.8  8943.5  8909.3  8874.9  8840.6  8806.2  8771.7  8737.2  8702.7  8668.1  8633.4  8598.7  8564.0  8529.2  8494.4  8459.6  8424.7  8389.8  8355.0  8322.2  8319.9  8318.3  8285.5  8284.6  8284.6  8284.6  8284.6  8284.6  8284.6  8284.6  8287.1  9712.3  9682.7  9659.4  9635.9  9612.3  9588.5  9564.5  9540.3  9515.9  9516.6     0.0
      11     0.0     0.0     0.0     0.0     0.0     0.0     0.0     0.0     0.0     0.0     0.0     0.0     0.0     0.0     0.0     0.0     0.0     0.0     0.0     0.0     0.0     0.0     0.0     0.0     0.0     0.0     0.0     0.0     0.0     0.0     0.0     0.0     0.0     0.0     0.0     0.0     0.0     0.0     0.0     0.0     0.0     0.0     0.0     0.0     0.0     0.0     0.0     0.0     0.0     0.0     0.0     0.0     0.0     0.0     0.0     0.0     0.0     0.0     0.0     0.0     0.0     0.0     0.0     0.0     0.0     0.0     0.0     0.0     0.0     0.0     0.0     0.0  9715.9  9692.6  9669.2  9645.6  9621.7  9597.8  9573.6  9549.2  9524.7  9525.5     0.0
      12     0.0 10279.8 10246.8 10213.8 10180.8 10147.8 10114.8 10081.7 10048.6 10015.5  9982.4  9949.3  9916.2  9883.0  9849.9  9816.7  9783.5  9750.3  9717.1  9683.8  9650.6  9617.3  9584.0  9550.7  9517.4  9484.1  9450.7  9417.4  9384.0  9350.6  9317.3     0.0  9283.2  9249.4  9215.4  9181.5  9147.5  9113.4  9079.3  9045.2  9011.0  8976.8  8942.5  8908.2  8873.8  8839.4  8805.0  8770.5  8735.9  8701.3  8666.7  8632.0  8597.2  8562.5  8527.7  8492.9  8458.0  8423.1  8388.2  8355.4  8353.2  8351.7  8318.8  8317.9  8317.9  8317.9  8317.9  8317.9  8317.9  8317.9  8317.9     0.0  9726.1  9702.7  9679.1  9655.3  9631.3  9607.1  9582.8  9558.3  9533.5  9533.9     0.0
      13     0.0 10280.0 10247.1 10214.1 10181.0 10148.0 10114.9 10081.9 10048.8 10015.7  9982.5  9949.4  9916.3  9883.1  9849.9  9816.7  9783.5  9750.3  9717.1  9683.8  9650.5  9617.3  9584.0  9550.6  9517.3  9484.0  9450.6  9417.2  9383.9  9350.5  9317.1     0.0  9283.2  9249.4  9215.4  9181.5  9147.4  9113.4  9079.3  9045.1  9010.9  8976.7  8942.4  8908.0  8873.7  8839.2  8804.8  8770.3  8735.7  8701.1  8666.4  8631.7  8597.0  8562.2  8527.4  8492.6  8457.7  8422.9  8390.0  8387.9  8386.4  8353.4  8352.6  8352.6  8352.6  8352.6  8352.6  8352.6  8352.6  8352.6  8352.6     0.0  9735.9  9712.3  9688.5  9664.6  9640.4  9616.1  9591.6  9566.9  9542.0  9542.1     0.0
      14     0.0 10280.0 10247.1 10214.1 10181.0 10148.0 10114.9 10081.9 10048.8 10015.7  9982.5  9949.4  9916.3  9883.1  9849.9  9816.7  9783.5  9750.3  9717.1  9683.8  9650.5  9617.3  9584.0  9550.6  9517.3  9484.0  9450.6  9417.2  9383.9  9350.5  9317.1     0.0  9283.2  9249.3  9215.4  9181.4  9147.4  9113.3  9079.2  9045.0  9010.8  8976.5  8942.2  8907.9  8873.5  8839.0  8804.6  8770.0  8735.4  8700.8  8666.1  8631.4  8596.7  8561.9  8527.1  8492.3  8457.5  8424.6  8422.5  8421.1  8388.1  8387.2  8387.2  8387.2  8387.2  8387.2  8387.2  8387.2  8387.2  8387.2  8387.2     0.0  9745.5  9721.8  9697.8  9673.7  9649.3  9624.8  9600.1  9575.3  9550.2  9550.2     0.0
      15     0.0 10280.0 10247.1 10214.1 10181.0 10148.0 10114.9 10081.9 10048.8 10015.7  9982.5  9949.4  9916.3  9883.1  9849.9  9816.7  9783.5  9750.3  9717.1  9683.8  9650.5  9617.3  9584.0  9550.6  9517.3  9484.0  9450.6  9417.2  9383.9  9350.5  9317.1     0.0  9283.2  9249.3  9215.3  9181.3  9147.3  9113.2  9079.1  9044.9  9010.6  8976.4  8942.1  8907.7  8873.3  8838.8  8804.3  8769.8  8735.2  8700.5  8665.8  8631.1  8596.4  8561.6  8526.8  8492.1  8459.2  8457.1  8455.7  8422.7  8421.9  8421.9  8421.9  8421.9  8421.9  8421.9  8421.9  8421.9  8421.9  8421.9  8421.9     0.0  9755.0  9731.0  9706.9  9682.6  9658.1  9633.4  9608.6  9583.5  9558.2  9558.0     0.0
      16     0.0 10280.0 10247.1 10214.1 10181.0 10148.0 10114.9 10081.9 10048.8 10015.7  9982.5  9949.4  9916.3  9883.1  9849.9  9816.7  9783.5  9750.3  9717.1  9683.8  9650.5  9617.3  9584.0  9550.6  9517.3  9484.0  9450.6  9417.3  9383.9  9350.5  9317.1     0.0  9283.2  9249.2  9215.3  9181.3  9147.2  9113.1  9078.9  9044.7  9010.5  8976.2  8941.9  8907.5  8873.1  8838.6  8804.1  8769.5  8734.9  8700.2  8665.6  8630.9  8596.1  8561.4  8526.6  8493.8  8491.7  8490.3  8457.3  8456.5  8456.5  8456.5  8456.5  8456.5  8456.5  8456.5  8456.5  8456.5  8456.5  8456.5  8456.5     0.0  9764.2  9740.2  9715.9  9691.4  9666.7  9641.8  9616.8  9591.5  9566.1  9565.7     0.0
      17     0.0 10280.0 10247.1 10214.1 10181.0 10148.0 10114.9 10081.9 10048.8 10015.7  9982.5  9949.4  9916.3  9883.1  9849.9  9816.7  9783.5  9750.3  9717.1  9683.8  9650.5  9617.3  9584.0  9550.6  9517.3  9484.0  9450.6  9417.3  9383.9  9350.5  9317.0     0.0  9283.1  9249.2  9215.2  9181.2  9147.1  9113.0  9078.8  9044.6  9010.3  8976.0  8941.7  8907.3  8872.8  8838.4  8803.8  8769.2  8734.6  8700.0  8665.3  8630.6  8595.8  8561.1  8528.3  8526.2  8524.9  8491.8  8491.1  8491.1  8491.1  8491.1  8491.1  8491.1  8491.1  8491.1  8491.1  8491.1  8491.1  8491.1  8491.1     0.0  9773.3  9749.1  9724.6  9699.9  9675.1  9650.1  9624.8  9599.4  9573.8  9573.2     0.0
      18     0.0 10280.0 10247.1 10214.1 10181.0 10148.0 10114.9 10081.9 10048.8 10015.7  9982.5  9949.4  9916.3  9883.1  9849.9  9816.7  9783.5  9750.3  9717.1  9683.8  9650.5  9617.3  9584.0  9550.6  9517.3  9484.0  9450.7  9417.3  9383.9  9350.4  9317.0     0.0  9283.1  9249.1  9215.1  9181.0  9147.0  9112.8  9078.6  9044.4  9010.1  8975.8  8941.5  8907.1  8872.6  8838.1  8803.5  8768.9  8734.3  8699.7  8665.0  8630.3  8595.6  8562.8  8560.8  8559.4  8526.3  8525.6  8525.6  8525.6  8525.6  8525.6  8525.6  8525.6  8525.6  8525.6  8525.6  8525.6  8525.6  8525.6  8525.6     0.0  9782.3  9757.8  9733.2  9708.3  9683.3  9658.1  9632.7  9607.1  9581.3  9580.5     0.0
      19     0.0 10280.0 10247.1 10214.1 10181.0 10148.0 10114.9 10081.9 10048.8 10015.7  9982.5  9949.4  9916.3  9883.1  9849.9  9816.7  9783.5  9750.3  9717.1  9683.8  9650.5  9617.3  9584.0  9550.6  9517.3  9484.0  9450.6  9417.2  9383.8  9350.4  9316.9     0.0  9283.0  9249.0  9215.0  9180.9  9146.8  9112.7  9078.5  9044.2  9009.9  8975.6  8941.2  8906.8  8872.3  8837.8  8803.2  8768.7  8734.0  8699.4  8664.7  8630.1  8597.2  8595.2  8594.0  8560.8  8560.1  8560.1  8560.1  8560.1  8560.1  8560.1  8560.1  8560.1  8560.1  8560.1  8560.1  8560.1  8560.1  8560.1  8560.1     0.0  9791.0  9766.4  9741.6  9716.6  9691.4  9666.0  9640.4  9614.6  9588.6  9587.6     0.0
      20     0.0 10280.0 10247.1 10214.1 10181.0 10148.0 10114.9 10081.9 10048.8 10015.7  9982.5  9949.4  9916.3  9883.1  9849.9  9816.7  9783.5  9750.3  9717.1  9683.8  9650.5  9617.3  9584.0  9550.7  9517.4  9484.0  9450.6  9417.2  9383.8  9350.3  9316.9     0.0  9282.9  9248.9  9214.9  9180.8  9146.7  9112.5  9078.3  9044.0  9009.7  8975.4  8941.0  8906.5  8872.0  8837.5  8803.0  8768.4  8733.8  8699.1  8664.5  8631.6  8629.7  8628.4  8595.3  8594.6  8594.6  8594.6  8594.6  8594.6  8594.6  8594.6  8594.6  8594.6  8594.6  8594.6  8594.6  8594.6  8594.6  8594.6  8594.6     0.0  9799.6  9774.8  9749.8  9724.6  9699.2  9673.6  9647.9  9621.9  9595.7  9594.5     0.0
      21     0.0 10280.0 10247.1 10214.1 10181.0 10148.0 10114.9 10081.9 10048.8 10015.7  9982.5  9949.4  9916.3  9883.1  9849.9  9816.7  9783.5  9750.3  9717.1  9683.8  9650.5  9617.3  9584.0  9550.7  9517.3  9484.0  9450.6  9417.2  9383.7  9350.2  9316.8     0.0  9282.8  9248.8  9214.7  9180.6  9146.5  9112.3  9078.1  9043.8  9009.5  8975.1  8940.7  8906.2  8871.7  8837.2  8802.7  8768.1  8733.5  8698.9  8666.0  8664.1  8662.9  8629.7  8629.1  8629.1  8629.1  8629.1  8629.1  8629.1  8629.1  8629.1  8629.1  8629.1  8629.1  8629.1  8629.1  8629.1  8629.1  8629.1  8629.1     0.0  9808.0  9783.0  9757.8  9732.5  9706.9  9681.1  9655.2  9629.0  9602.7  9601.3     0.0
      22     0.0 10280.0 10247.1 10214.1 10181.0 10148.0 10114.9 10081.9 10048.8 10015.7  9982.5  9949.4  9916.3  9883.1  9849.9  9816.7  9783.5  9750.3  9717.1  9683.8  9650.5  9617.3  9584.0  9550.7  9517.3  9483.9  9450.5  9417.1  9383.6  9350.1  9316.6     0.0  9282.6  9248.6  9214.6  9180.5  9146.3  9112.1  9077.9  9043.6  9009.3  8974.9  8940.4  8906.0  8871.5  8836.9  8802.4  8767.8  8733.2  8700.4  8698.5  8697.3  8664.1  8663.5  8663.5  8663.5  8663.5  8663.5  8663.5  8663.5  8663.5  8663.5  8663.5  8663.5  8663.5  8663.5  8663.5  8663.5  8663.5  8663.5  8663.5     0.0  9816.2  9791.0  9765.7  9740.1  9714.4  9688.4  9662.3  9635.9  9609.4  9607.8     0.0
      23     0.0 10280.0 10247.1 10214.1 10181.0 10148.0 10114.9 10081.9 10048.8 10015.7  9982.5  9949.4  9916.3  9883.1  9849.9  9816.7  9783.5  9750.3  9717.1  9683.8  9650.6  9617.3  9584.0  9550.7  9517.3  9483.9  9450.5  9417.0  9383.5  9350.0  9316.5     0.0  9282.5  9248.5  9214.4  9180.3  9146.1  9111.9  9077.6  9043.3  9009.0  8974.6  8940.1  8905.7  8871.2  8836.7  8802.1  8767.6  8734.7  8732.9  8731.7  8698.5  8697.9  8697.9  8697.9  8697.9  8697.9  8697.9  8697.9  8697.9  8697.9  8697.9  8697.9  8697.9  8697.9  8697.9  8697.9  8697.9  8697.9  8697.9  8697.9     0.0  9824.2  9798.9  9773.3  9747.6  9721.7  9695.5  9669.2  9642.7  9615.9  9614.2     0.0
      24     0.0 10280.0 10247.1 10214.1 10181.0 10148.0 10114.9 10081.9 10048.8 10015.7  9982.5  9949.4  9916.3  9883.1  9849.9  9816.7  9783.5  9750.3  9717.1  9683.8  9650.6  9617.3  9584.0  9550.6  9517.2  9483.8  9450.4  9416.9  9383.4  9349.9  9316.4     0.0  9282.4  9248.3  9214.2  9180.1  9145.9  9111.7  9077.4  9043.1  9008.7  8974.3  8939.9  8905.4  8870.9  8836.4  8801.9  8769.1  8767.2  8766.1  8732.8  8732.3  8732.3  8732.3  8732.3  8732.3  8732.3  8732.3  8732.3  8732.3  8732.3  8732.3  8732.3  8732.3  8732.3  8732.3  8732.3  8732.3  8732.3  8732.3  8732.3     0.0  9832.0  9806.5  9780.8  9754.9  9728.8  9702.5  9675.9  9649.2  9622.3  9620.3     0.0
      25     0.0 10280.0 10247.1 10214.1 10181.0 10148.0 10114.9 10081.9 10048.8 10015.7  9982.5  9949.4  9916.3  9883.1  9849.9  9816.7  9783.5  9750.3  9717.1  9683.8  9650.6  9617.3  9583.9  9550.6  9517.2  9483.7  9450.3  9416.8  9383.3  9349.8  9316.2     0.0  9282.2  9248.1  9214.0  9179.9  9145.7  9111.4  9077.1  9042.8  9008.4  8974.0  8939.6  8905.1  8870.6  8836.2  8803.3  8801.5  8800.4  8767.1  8766.6  8766.6  8766.6  8766.6  8766.6  8766.6  8766.6  8766.6  8766.6  8766.6  8766.6  8766.6  8766.6  8766.6  8766.6  8766.6  8766.6  8766.6  8766.6  8766.6  8766.6     0.0  9839.7  9814.0  9788.1  9762.0  9735.7  9709.2  9682.5  9655.6  9628.5  9626.3     0.0
      26     0.0 10280.0 10247.1 10214.1 10181.0 10148.0 10114.9 10081.9 10048.8 10015.7  9982.5  9949.4  9916.3  9883.1  9849.9  9816.7  9783.5  9750.3  9717.1  9683.8  9650.5  9617.2  9583.9  9550.5  9517.1  9483.7  9450.2  9416.7  9383.2  9349.6  9316.1     0.0  9282.0  9247.9  9213.8  9179.6  9145.4  9111.1  9076.8  9042.5  9008.1  8973.7  8939.3  8904.8  8870.4  8837.6  8835.8  8834.7  8801.4  8800.9  8800.9  8800.9  8800.9  8800.9  8800.9  8800.9  8800.9  8800.9  8800.9  8800.9  8800.9  8800.9  8800.9  8800.9  8800.9  8800.9  8800.9  8800.9  8800.9  8800.9  8800.9     0.0  9847.2  9821.3  9795.2  9768.9  9742.4  9715.7  9688.8  9661.7  9634.4  9632.0     0.0
      27     0.0 10280.0 10247.1 10214.1 10181.0 10148.0 10114.9 10081.9 10048.8 10015.7  9982.5  9949.4  9916.3  9883.1  9849.9  9816.7  9783.6  9750.3  9717.1  9683.8  9650.5  9617.2  9583.8  9550.4  9517.0  9483.5  9450.1  9416.6  9383.0  9349.4  9315.9     0.0  9281.8  9247.7  9213.6  9179.4  9145.1  9110.9  9076.6  9042.2  9007.9  8973.5  8939.0  8904.6  8871.8  8870.0  8869.0  8835.6  8835.2  8835.2  8835.2  8835.2  8835.2  8835.2  8835.2  8835.2  8835.2  8835.2  8835.2  8835.2  8835.2  8835.2  8835.2  8835.2  8835.2  8835.2  8835.2  8835.2  8835.2  8835.2  8835.2     0.0  9854.5  9828.4  9802.1  9775.6  9749.0  9722.1  9695.0  9667.7  9640.2  9637.6     0.0
      28     0.0 10280.0 10247.1 10214.1 10181.0 10148.0 10114.9 10081.9 10048.8 10015.7  9982.5  9949.4  9916.3  9883.1  9849.9  9816.8  9783.6  9750.3  9717.1  9683.8  9650.5  9617.1  9583.7  9550.3  9516.9  9483.4  9449.9  9416.4  9382.8  9349.3  9315.7     0.0  9281.6  9247.5  9213.3  9179.1  9144.9  9110.6  9076.3  9041.9  9007.6  8973.2  8938.8  8906.0  8904.2  8903.2  8869.9  8869.4  8869.4  8869.4  8869.4  8869.4  8869.4  8869.4  8869.4  8869.4  8869.4  8869.4  8869.4  8869.4  8869.4  8869.4  8869.4  8869.4  8869.4  8869.4  8869.4  8869.4  8869.4  8869.4  8869.4     0.0  9861.6  9835.3  9808.8  9782.2  9755.3  9728.2  9700.9  9673.5  9645.8  9643.0     0.0
      29     0.0 10280.0 10247.1 10214.1 10181.0 10148.0 10114.9 10081.9 10048.8 10015.7  9982.5  9949.4  9916.3  9883.1  9850.0  9816.8  9783.6  9750.3  9717.0  9683.7  9650.4  9617.0  9583.6  9550.2  9516.8  9483.3  9449.8  9416.2  9382.7  9349.1  9315.5     0.0  9281.4  9247.2  9213.1  9178.8  9144.6  9110.3  9076.0  9041.7  9007.3  8972.9  8940.1  8938.4  8937.4  8904.0  8903.6  8903.6  8903.6  8903.6  8903.6  8903.6  8903.6  8903.6  8903.6  8903.6  8903.6  8903.6  8903.6  8903.6  8903.6  8903.6  8903.6  8903.6  8903.6  8903.6  8903.6  8903.6  8903.6  8903.6  8903.6     0.0  9868.5  9842.0  9815.4  9788.5  9761.4  9734.2  9706.7  9679.0  9651.1  9648.1     0.0
      30     0.0 10280.0 10247.1 10214.1 10181.0 10148.0 10114.9 10081.9 10048.8 10015.7  9982.5  9949.4  9916.3  9883.1  9850.0  9816.8  9783.5  9750.3  9717.0  9683.7  9650.3  9616.9  9583.5  9550.1  9516.6  9483.1  9449.6  9416.0  9382.5  9348.8  9315.2     0.0  9281.1  9247.0  9212.8  9178.6  9144.3  9110.0  9075.7  9041.4  9007.1  8974.2  8972.6  8971.6  8938.2  8937.8  8937.8  8937.8  8937.8  8937.8  8937.8  8937.8  8937.8  8937.8  8937.8  8937.8  8937.8  8937.8  8937.8  8937.8  8937.8  8937.8  8937.8  8937.8  8937.8  8937.8  8937.8  8937.8  8937.8  8937.8  8937.8     0.0  9875.2  9848.6  9821.7  9794.7  9767.4  9739.9  9712.3  9684.4  9656.3  9653.1     0.0
      31     0.0 10280.0 10247.1 10214.1 10181.0 10148.0 10114.9 10081.9 10048.8 10015.7  9982.5  9949.4  9916.3  9883.1  9850.0  9816.7  9783.5  9750.2  9716.9  9683.6  9650.2  9616.8  9583.4  9550.0  9516.5  9483.0  9449.4  9415.9  9382.3  9348.6  9315.0     0.0  9280.8  9246.7  9212.5  9178.3  9144.0  9109.8  9075.4  9041.1  9008.3  9006.7  9005.8  8972.3  8972.0  8972.0  8972.0  8972.0  8972.0  8972.0  8972.0  8972.0  8972.0  8972.0  8972.0  8972.0  8972.0  8972.0  8972.0  8972.0  8972.0  8972.0  8972.0  8972.0  8972.0  8972.0  8972.0  8972.0  8972.0  8972.0  8972.0     0.0  9881.7  9854.9  9827.9  9800.6  9773.2  9745.5  9717.6  9689.6  9661.3  9657.9     0.0
      32     0.0 10280.0 10247.1 10214.1 10181.0 10148.0 10114.9 10081.9 10048.8 10015.7  9982.5  9949.4  9916.3  9883.1  9849.9  9816.7  9783.4  9750.2  9716.8  9683.5  9650.1  9616.7  9583.3  9549.8  9516.3  9482.8  9449.2  9415.6  9382.0  9348.4  9314.7     0.0  9280.6  9246.4  9212.2  9178.0  9143.8  9109.5  9075.2  9042.4  9040.8  9039.9  9006.4  9006.1  9006.1  9006.1  9006.1  9006.1  9006.1  9006.1  9006.1  9006.1  9006.1  9006.1  9006.1  9006.1  9006.1  9006.1  9006.1  9006.1  9006.1  9006.1  9006.1  9006.1  9006.1  9006.1  9006.1  9006.1  9006.1  9006.1  9006.1     0.0  9888.0  9861.0  9833.8  9806.4  9778.7  9750.9  9722.8  9694.5  9666.1  9662.4     0.0
      33     0.0 10280.0 10247.1 10214.1 10181.0 10148.0 10114.9 10081.9 10048.8 10015.7  9982.6  9949.5  9916.3  9883.1  9849.9  9816.7  9783.4  9750.1  9716.7  9683.4  9650.0  9616.6  9583.1  9549.6  9516.1  9482.6  9449.0  9415.4  9381.8  9348.1  9314.4     0.0  9280.3  9246.1  9211.9  9177.7  9143.5  9109.2  9076.4  9074.9  9074.0  9040.5  9040.2  9040.2  9040.2  9040.2  9040.2  9040.2  9040.2  9040.2  9040.2  9040.2  9040.2  9040.2  9040.2  9040.2  9040.2  9040.2  9040.2  9040.2  9040.2  9040.2  9040.2  9040.2  9040.2  9040.2  9040.2  9040.2  9040.2  9040.2  9040.2     0.0  9894.2  9867.0  9839.6  9811.9  9784.1  9756.0  9727.8  9699.3  9670.6  9666.4     0.0
      34     0.0 10280.0 10247.1 10214.1 10181.0 10148.0 10114.9 10081.9 10048.8 10015.7  9982.6  9949.4  9916.3  9883.1  9849.8  9816.6  9783.3  9750.0  9716.6  9683.3  9649.8  9616.4  9582.9  9549.5  9515.9  9482.4  9448.8  9415.2  9381.5  9347.8  9314.2     0.0  9280.0  9245.9  9211.7  9177.4  9143.2  9110.4  9108.9  9108.0  9074.5  9074.2  9074.2  9074.2  9074.2  9074.2  9074.2  9074.2  9074.2  9074.2  9074.2  9074.2  9074.2  9074.2  9074.2  9074.2  9074.2  9074.2  9074.2  9074.2  9074.2  9074.2  9074.2  9074.2  9074.2  9074.2  9074.2  9074.2  9074.2  9074.2  9074.2     0.0  9900.1  9872.7  9845.1  9817.3  9789.3  9761.0  9732.5  9703.9  9674.6  9670.5     0.0
      35     0.0 10280.0 10247.1 10214.1 10181.0 10148.0 10114.9 10081.9 10048.8 10015.7  9982.6  9949.4  9916.2  9883.0  9849.8  9816.5  9783.2  9749.9  9716.5  9683.1  9649.7  9616.2  9582.8  9549.3  9515.7  9482.1  9448.5  9414.9  9381.2  9347.5  9313.9     0.0  9279.7  9245.6  9211.4  9177.2  9144.4  9142.9  9142.1  9108.5  9108.3  9108.3  9108.3  9108.3  9108.3  9108.3  9108.3  9108.3  9108.3  9108.3  9108.3  9108.3  9108.3  9108.3  9108.3  9108.3  9108.3  9108.3  9108.3  9108.3  9108.3  9108.3  9108.3  9108.3  9108.3  9108.3  9108.3  9108.3  9108.3  9108.3  9108.3     0.0  9905.9  9878.3  9850.5  9822.5  9794.2  9765.8  9737.1  9707.8  9678.7  9674.5     0.0
      36     0.0 10280.0 10247.1 10214.1 10181.0 10148.0 10114.9 10081.9 10048.8 10015.7  9982.6  9949.4  9916.2  9883.0  9849.7  9816.4  9783.1  9749.7  9716.4  9683.0  9649.5  9616.1  9582.6  9549.0  9515.5  9481.9  9448.3  9414.6  9380.9  9347.3  9313.6     0.0  9279.5  9245.3  9211.1  9178.4  9176.9  9176.1  9142.5  9142.3  9142.3  9142.3  9142.3  9142.3  9142.3  9142.3  9142.3  9142.3  9142.3  9142.3  9142.3  9142.3  9142.3  9142.3  9142.3  9142.3  9142.3  9142.3  9142.3  9142.3  9142.3  9142.3  9142.3  9142.3  9142.3  9142.3  9142.3  9142.3  9142.3  9142.3  9142.3     0.0  9911.4  9883.6  9855.6  9827.4  9799.0  9770.3  9741.1  9712.0  9682.7  9678.2     0.0
      37     0.0 10280.0 10247.1 10214.1 10181.0 10148.0 10115.0 10081.9 10048.8 10015.7  9982.5  9949.3  9916.1  9882.9  9849.6  9816.3  9783.0  9749.6  9716.2  9682.8  9649.3  9615.9  9582.4  9548.8  9515.2  9481.6  9448.0  9414.3  9380.7  9347.0  9313.3     0.0  9279.2  9245.1  9212.3  9210.8  9210.0  9176.4  9176.2  9176.2  9176.2  9176.2  9176.2  9176.2  9176.2  9176.2  9176.2  9176.2  9176.2  9176.2  9176.2  9176.2  9176.2  9176.2  9176.2  9176.2  9176.2  9176.2  9176.2  9176.2  9176.2  9176.2  9176.2  9176.2  9176.2  9176.2  9176.2  9176.2  9176.2  9176.2  9176.2     0.0  9916.8  9888.8  9860.6  9832.2  9803.5  9774.3  9745.2  9715.9  9686.4  9681.8     0.0
      38     0.0 10280.0 10247.1 10214.1 10181.0 10148.0 10115.0 10081.9 10048.8 10015.6  9982.5  9949.3  9916.0  9882.8  9849.5  9816.2  9782.8  9749.5  9716.1  9682.6  9649.2  9615.7  9582.1  9548.6  9515.0  9481.3  9447.7  9414.1  9380.4  9346.7  9313.1     0.0  9278.9  9246.1  9244.7  9244.0  9210.3  9210.2  9210.2  9210.2  9210.2  9210.2  9210.2  9210.2  9210.2  9210.2  9210.2  9210.2  9210.2  9210.2  9210.2  9210.2  9210.2  9210.2  9210.2  9210.2  9210.2  9210.2  9210.2  9210.2  9210.2  9210.2  9210.2  9210.2  9210.2  9210.2  9210.2  9210.2  9210.2  9210.2  9210.2     0.0  9921.9  9893.8  9865.3  9836.7  9807.5  9778.4  9749.2  9719.7  9689.9  9685.1     0.0
      39     0.0 10280.0 10247.1 10214.1 10181.1 10148.0 10115.0 10081.9 10048.7 10015.6  9982.4  9949.2  9915.9  9882.7  9849.4  9816.0  9782.7  9749.3  9715.9  9682.4  9648.9  9615.4  9581.9  9548.3  9514.7  9481.1  9447.4  9413.8  9380.1  9346.4  9312.8     0.0  9280.0  9278.6  9277.9  9244.2  9244.1  9244.1  9244.1  9244.1  9244.1  9244.1  9244.1  9244.1  9244.1  9244.1  9244.1  9244.1  9244.1  9244.1  9244.1  9244.1  9244.1  9244.1  9244.1  9244.1  9244.1  9244.1  9244.1  9244.1  9244.1  9244.1  9244.1  9244.1  9244.1  9244.1  9244.1  9244.1  9244.1  9244.1  9244.1     0.0  9926.9  9898.5  9869.9  9840.7  9811.6  9782.4  9752.9  9723.2  9693.3  9688.2     0.0
      40     0.0 10280.0 10247.1 10214.1 10181.1 10148.0 10114.9 10081.8 10048.7 10015.5  9982.3  9949.1  9915.8  9882.6  9849.2  9815.9  9782.5  9749.1  9715.7  9682.2  9648.7  9615.2  9581.6  9548.0  9514.4  9480.8  9447.2  9413.5  9379.8  9346.2  9313.6     0.0  9312.4  9311.8  9278.1  9278.0  9278.0  9278.0  9278.0  9278.0  9278.0  9278.0  9278.0  9278.0  9278.0  9278.0  9278.0  9278.0  9278.0  9278.0  9278.0  9278.0  9278.0  9278.0  9278.0  9278.0  9278.0  9278.0  9278.0  9278.0  9278.0  9278.0  9278.0  9278.0  9278.0  9278.0  9278.0  9278.0  9278.0  9278.0  9278.0     0.0  9931.6  9903.1  9873.8  9844.8  9815.6  9786.1  9756.4  9726.5  9696.4  9691.1     0.0
      41     0.0 10279.6 10246.7 10213.7 10180.7 10147.6 10114.6 10081.5 10048.3 10015.2  9982.0  9948.7  9915.5  9882.2  9848.9  9815.5  9782.1  9748.7  9715.3  9681.8  9648.3  9614.8  9581.2  9547.7  9514.1  9480.5  9446.8  9413.2  9379.6  9347.0  9346.0     0.0  9345.6  9311.9  9311.8  9311.8  9311.8  9311.8  9311.8  9311.8  9311.8  9311.8  9311.8  9311.8  9311.8  9311.8  9311.8  9311.8  9311.8  9311.8  9311.8  9311.8  9311.8  9311.8  9311.8  9311.8  9311.8  9311.8  9311.8  9311.8  9311.8  9311.8  9311.8  9311.8  9311.8  9311.8  9311.8  9311.8  9311.8  9311.8  9311.8     0.0  9936.2  9907.0  9878.0  9848.8  9819.3  9789.6  9759.7  9729.6  9699.3  9693.7     0.0
      42     0.0     0.0     0.0     0.0     0.0     0.0     0.0     0.0     0.0     0.0     0.0     0.0     0.0     0.0     0.0     0.0     0.0     0.0     0.0     0.0     0.0     0.0     0.0     0.0     0.0     0.0     0.0     0.0     0.0     0.0     0.0     0.0  9345.7  9345.6  9345.6  9345.6  9345.7  9345.7  9345.7  9345.7  9345.7  9345.7  9345.7  9345.7  9345.7  9345.7  9345.7  9345.7  9345.7  9345.7  9345.7  9345.7  9345.7  9345.7  9345.7  9345.7  9345.7  9345.7  9345.7  9345.7  9345.7  9345.7  9345.7  9345.7  9345.7  9345.7  9345.7  9345.7  9345.7  9345.7  9345.7     0.0  9940.1  9911.2  9881.9  9852.5  9822.8  9792.9  9762.8  9732.5  9701.9  9696.6     0.0
      43     0.0 10280.1 10247.1 10214.1 10181.1 10148.0 10114.9 10081.7 10048.6 10015.4  9982.1  9948.9  9915.6  9882.3  9848.9  9815.6  9782.2  9748.7  9715.3  9681.8  9648.2  9614.6  9581.1  9547.5  9513.9  9480.3  9446.6  9413.0  9380.3  9379.5  9379.4  9379.4  9379.4  9379.4  9379.4  9379.4  9379.4  9379.4  9379.4  9379.4  9379.4  9379.4  9379.4  9379.4  9379.4  9379.4  9379.4  9379.4  9379.4  9379.4  9379.4  9379.4  9379.4  9379.4  9379.4  9379.4  9379.4  9379.4  9379.4  9379.4  9379.4  9379.4  9379.4  9379.4  9379.4  9379.4  9379.4  9379.4  9379.4  9379.4  9379.4     0.0  9944.7  9915.5  9886.1  9856.4  9826.5  9796.5  9766.1  9735.6  9704.8  9698.9     0.0
      44     0.0 10280.1 10247.1 10214.1 10181.1 10148.0 10114.9 10081.7 10048.6 10015.4  9982.1  9948.9  9915.6  9882.3  9848.9  9815.6  9782.2  9748.7  9715.3  9681.7  9648.2  9614.7  9581.1  9547.5  9513.9  9480.3  9446.7  9414.1  9413.2  9413.2  9413.2  9413.2  9413.2  9413.2  9413.2  9413.2  9413.2  9413.2  9413.2  9413.2  9413.2  9413.2  9413.2  9413.2  9413.2  9413.2  9413.2  9413.2  9413.2  9413.2  9413.2  9413.2  9413.2  9413.2  9413.2  9413.2  9413.2  9413.2  9413.2  9413.2  9413.2  9413.2  9413.2  9413.2  9413.2  9413.2  9413.2  9413.2  9413.2  9413.2  9413.2     0.0  9948.6  9919.2  9889.6  9859.7  9829.7  9799.3  9768.8  9738.0  9707.1  9700.9     0.0
      45     0.0 10280.1 10247.1 10214.1 10181.1 10148.0 10114.9 10081.7 10048.6 10015.4  9982.1  9948.9  9915.6  9882.3  9848.9  9815.6  9782.2  9748.7  9715.2  9681.7  9648.2  9614.7  9581.1  9547.6  9514.0  9480.4  9447.8  9446.9  9446.9  9446.9  9446.9  9446.9  9446.9  9446.9  9446.9  9446.9  9446.9  9446.9  9446.9  9446.9  9446.9  9446.9  9446.9  9446.9  9446.9  9446.9  9446.9  9446.9  9446.9  9446.9  9446.9  9446.9  9446.9  9446.9  9446.9  9446.9  9446.9  9446.9  9446.9  9446.9  9446.9  9446.9  9446.9  9446.9  9446.9  9446.9  9446.9  9446.9  9446.9  9446.9  9446.9     0.0  9952.3  9922.7  9892.9  9862.8  9832.5  9802.0  9771.3  9740.3  9709.1  9702.7     0.0
      46     0.0 10280.1 10247.1 10214.1 10181.1 10148.0 10114.9 10081.7 10048.6 10015.4  9982.1  9948.9  9915.6  9882.3  9848.9  9815.6  9782.2  9748.7  9715.2  9681.7  9648.2  9614.7  9581.2  9547.6  9514.1  9481.5  9480.6  9480.6  9480.6  9480.6  9480.6  9480.6  9480.6  9480.6  9480.6  9480.6  9480.6  9480.6  9480.6  9480.6  9480.6  9480.6  9480.6  9480.6  9480.6  9480.6  9480.6  9480.6  9480.6  9480.6  9480.6  9480.6  9480.6  9480.6  9480.6  9480.6  9480.6  9480.6  9480.6  9480.6  9480.6  9480.6  9480.6  9480.6  9480.6  9480.6  9480.6  9480.6  9480.6  9480.6  9480.6     0.0  9955.9  9926.1  9896.0  9865.7  9835.2  9804.5  9773.5  9742.3  9710.9  9704.3     0.0
      47     0.0 10280.1 10247.1 10214.1 10181.1 10148.0 10114.9 10081.7 10048.6 10015.4  9982.1  9948.9  9915.6  9882.3  9848.9  9815.6  9782.1  9748.7  9715.2  9681.8  9648.3  9614.8  9581.2  9547.7  9515.1  9514.3  9514.3  9514.3  9514.3  9514.3  9514.3  9514.3  9514.3  9514.3  9514.3  9514.3  9514.3  9514.3  9514.3  9514.3  9514.3  9514.3  9514.3  9514.3  9514.3  9514.3  9514.3  9514.3  9514.3  9514.3  9514.3  9514.3  9514.3  9514.3  9514.3  9514.3  9514.3  9514.3  9514.3  9514.3  9514.3  9514.3  9514.3  9514.3  9514.3  9514.3  9514.3  9514.3  9514.3  9514.3  9514.3     0.0  9959.2  9929.1  9898.9  9868.4  9837.7  9806.7  9775.5  9744.1  9712.5  9705.6     0.0
      48     0.0 10280.1 10247.1 10214.1 10181.1 10148.0 10114.9 10081.7 10048.6 10015.4  9982.1  9948.9  9915.6  9882.3  9848.9  9815.5  9782.1  9748.7  9715.2  9681.8  9648.3  9614.8  9581.3  9548.7  9548.0  9547.9  9547.9  9547.9  9547.9  9547.9  9548.0  9548.0  9548.0  9548.0  9548.0  9548.0  9548.0  9548.0  9548.0  9548.0  9548.0  9548.0  9548.0  9548.0  9548.0  9548.0  9548.0  9548.0  9548.0  9548.0  9548.0  9548.0  9548.0  9548.0  9548.0  9548.0  9548.0  9548.0  9548.0  9548.0  9548.0  9548.0  9548.0  9548.0  9548.0  9548.0  9548.0  9548.0  9548.0  9548.0  9548.0     0.0  9962.3  9932.0  9901.6  9870.8  9839.9  9808.7  9777.3  9745.7  9713.8  9706.8     0.0
      49     0.0 10280.1 10247.1 10214.1 10181.1 10148.0 10114.9 10081.7 10048.6 10015.4  9982.1  9948.9  9915.6  9882.3  9848.9  9815.5  9782.1  9748.7  9715.3  9681.8  9648.4  9614.9  9582.3  9581.6  9581.6  9581.6  9581.6  9581.6  9581.6  9581.6  9581.6  9581.6  9581.6  9581.6  9581.6  9581.6  9581.6  9581.6  9581.6  9581.6  9581.6  9581.6  9581.6  9581.6  9581.6  9581.6  9581.6  9581.6  9581.6  9581.6  9581.6  9581.6  9581.6  9581.6  9581.6  9581.6  9581.6  9581.6  9581.6  9581.6  9581.6  9581.6  9581.6  9581.6  9581.6  9581.6  9581.6  9581.6  9581.6  9581.6  9581.6     0.0  9965.1  9934.7  9904.0  9873.1  9841.9  9810.6  9778.9  9747.1  9715.0  9707.7     0.0
      50     0.0 10280.1 10247.1 10214.1 10181.1 10148.0 10114.9 10081.7 10048.6 10015.4  9982.1  9948.9  9915.6  9882.3  9848.9  9815.5  9782.1  9748.7  9715.3  9681.9  9648.5  9615.8  9615.2  9615.1  9615.1  9615.1  9615.1  9615.1  9615.1  9615.1  9615.1  9615.1  9615.1  9615.1  9615.1  9615.1  9615.1  9615.1  9615.1  9615.1  9615.1  9615.1  9615.1  9615.1  9615.1  9615.1  9615.1  9615.1  9615.1  9615.1  9615.1  9615.1  9615.1  9615.1  9615.1  9615.2  9615.2  9615.2  9615.2  9615.2  9615.2  9615.2  9615.2  9615.2  9615.2  9615.2  9615.2  9615.2  9615.2  9615.2  9615.2     0.0  9967.8  9937.2  9906.3  9875.1  9843.7  9812.1  9780.3  9748.2  9715.9  9708.4     0.0
      51     0.0 10280.1 10247.1 10214.1 10181.1 10148.0 10114.9 10081.7 10048.6 10015.4  9982.1  9948.9  9915.6  9882.2  9848.9  9815.6  9782.2  9748.8  9715.4  9682.0  9649.4  9648.7  9648.7  9648.7  9648.7  9648.7  9648.7  9648.7  9648.7  9648.7  9648.7  9648.7  9648.7  9648.7  9648.7  9648.7  9648.7  9648.7  9648.7  9648.7  9648.7  9648.7  9648.7  9648.7  9648.7  9648.7  9648.7  9648.7  9648.7  9648.7  9648.7  9648.7  9648.7  9648.7  9648.7  9648.7  9648.7  9648.7  9648.7  9648.7  9648.7  9648.7  9648.7  9648.7  9648.7  9648.7  9648.7  9648.7  9648.7  9648.7  9648.7     0.0  9970.3  9939.4  9908.3  9876.9  9845.3  9813.5  9781.4  9749.1  9716.6  9708.8     0.0
      52     0.0 10280.1 10247.1 10214.1 10181.1 10148.0 10114.9 10081.7 10048.6 10015.4  9982.1  9948.9  9915.6  9882.3  9848.9  9815.6  9782.2  9748.9  9715.5  9682.9  9682.2  9682.2  9682.2  9682.2  9682.2  9682.2  9682.2  9682.2  9682.2  9682.2  9682.2  9682.2  9682.2  9682.2  9682.2  9682.2  9682.2  9682.2  9682.2  9682.2  9682.2  9682.2  9682.2  9682.2  9682.2  9682.2  9682.2  9682.2  9682.2  9682.2  9682.2  9682.2  9682.2  9682.2  9682.2  9682.2  9682.2  9682.2  9682.2  9682.2  9682.2  9682.2  9682.2  9682.2  9682.2  9682.2  9682.2  9682.2  9682.2  9682.2  9682.2     0.0  9972.5  9941.4  9910.1  9878.5  9846.7  9814.6  9782.3  9749.8  9717.0  9709.1     0.0
      53     0.0 10280.1 10247.1 10214.1 10181.1 10148.0 10114.9 10081.7 10048.6 10015.4  9982.1  9948.8  9915.6  9882.3  9849.0  9815.6  9782.3  9749.0  9716.3  9715.7  9715.7  9715.7  9715.7  9715.7  9715.7  9715.7  9715.7  9715.7  9715.7  9715.7  9715.7  9715.7  9715.7  9715.7  9715.7  9715.7  9715.7  9715.7  9715.7  9715.7  9715.7  9715.7  9715.7  9715.7  9715.7  9715.7  9715.7  9715.7  9715.7  9715.7  9715.7  9715.7  9715.7  9715.7  9715.7  9715.7  9715.7  9715.7  9715.7  9715.7  9715.7  9715.7  9715.7  9715.7  9715.7  9715.7  9715.7  9715.7  9715.7  9715.7  9715.7     0.0  9974.5  9943.2  9911.7  9879.9  9847.8  9815.5  9783.0  9750.3  9717.3  9709.5     0.0
      54     0.0 10280.1 10247.1 10214.1 10181.1 10148.0 10114.9 10081.7 10048.6 10015.3  9982.1  9948.9  9915.6  9882.3  9849.0  9815.7  9782.4  9749.8  9749.2  9749.2  9749.2  9749.2  9749.2  9749.2  9749.2  9749.2  9749.2  9749.2  9749.2  9749.2  9749.2  9749.2  9749.2  9749.2  9749.2  9749.2  9749.2  9749.2  9749.2  9749.2  9749.2  9749.2  9749.2  9749.2  9749.2  9749.2  9749.2  9749.2  9749.2  9749.2  9749.2  9749.2  9749.2  9749.2  9749.2  9749.2  9749.2  9749.2  9749.2  9749.2  9749.2  9749.2  9749.2  9749.2  9749.2  9749.2  9749.2  9749.2  9749.2  9749.2  9749.2     0.0  9976.3  9944.8  9913.0  9881.0  9848.7  9816.2  9783.5  9750.5  9717.7  9742.2     0.0
      55     0.0 10280.1 10247.1 10214.1 10181.1 10148.0 10114.9 10081.7 10048.5 10015.3  9982.1  9948.9  9915.6  9882.4  9849.1  9815.8  9783.2  9782.6  9782.6  9782.6  9782.6  9782.6  9782.6  9782.6  9782.6  9782.6  9782.6  9782.6  9782.6  9782.6  9782.6  9782.6  9782.6  9782.6  9782.6  9782.6  9782.6  9782.6  9782.6  9782.6  9782.6  9782.6  9782.6  9782.6  9782.6  9782.6  9782.6  9782.6  9782.6  9782.6  9782.6  9782.6  9782.6  9782.6  9782.6  9782.6  9782.6  9782.6  9782.6  9782.6  9782.6  9782.6  9782.6  9782.6  9782.6  9782.6  9782.6  9782.6  9782.6  9782.6  9782.6     0.0  9977.9  9946.2  9914.2  9881.9  9849.4  9816.7  9783.7  9750.9  9750.5  9775.4     0.0
      56     0.0 10280.1 10247.1 10214.1 10181.1 10148.0 10114.9 10081.7 10048.5 10015.3  9982.1  9948.9  9915.7  9882.4  9849.2  9816.5  9816.0  9816.0  9816.0  9816.0  9816.0  9816.0  9816.0  9816.0  9816.0  9816.0  9816.0  9816.0  9816.0  9816.0  9816.0  9816.0  9816.0  9816.0  9816.0  9816.0  9816.0  9816.0  9816.0  9816.0  9816.0  9816.0  9816.0  9816.0  9816.0  9816.0  9816.0  9816.0  9816.0  9816.0  9816.0  9816.0  9816.0  9816.0  9816.0  9816.0  9816.0  9816.0  9816.0  9816.0  9816.0  9816.0  9816.0  9816.0  9816.0  9816.0  9816.0  9816.0  9816.0  9816.0  9816.0     0.0  9979.3  9947.3  9915.1  9882.6  9849.9  9816.9  9784.0  9783.7  9783.7  9808.6     0.0
      57     0.0 10280.1 10247.1 10214.1 10181.1 10148.0 10114.8 10081.7 10048.5 10015.4  9982.2  9949.0  9915.7  9882.5  9849.9  9849.4  9849.4  9849.4  9849.4  9849.4  9849.4  9849.4  9849.4  9849.4  9849.4  9849.4  9849.4  9849.4  9849.4  9849.4  9849.4  9849.4  9849.4  9849.4  9849.4  9849.4  9849.4  9849.4  9849.4  9849.4  9849.4  9849.4  9849.4  9849.4  9849.4  9849.4  9849.4  9849.4  9849.4  9849.4  9849.4  9849.4  9849.4  9849.4  9849.4  9849.4  9849.4  9849.4  9849.4  9849.4  9849.4  9849.4  9849.4  9849.4  9849.4  9849.4  9849.4  9849.4  9849.4  9849.4  9849.4     0.0  9980.4  9948.2  9915.8  9883.1  9850.1  9817.2  9816.9  9816.9  9816.9  9841.7     0.0
      58     0.0 10280.1 10247.1 10214.1 10181.1 10148.0 10114.8 10081.7 10048.6 10015.4  9982.2  9949.0  9915.8  9883.2  9882.7  9882.7  9882.7  9882.7  9882.7  9882.7  9882.7  9882.7  9882.7  9882.7  9882.7  9882.7  9882.7  9882.7  9882.7  9882.7  9882.7  9882.7  9882.7  9882.7  9882.7  9882.7  9882.7  9882.7  9882.7  9882.7  9882.7  9882.7  9882.7  9882.7  9882.7  9882.7  9882.7  9882.7  9882.7  9882.7  9882.7  9882.7  9882.7  9882.7  9882.7  9882.7  9882.7  9882.7  9882.7  9882.7  9882.7  9882.7  9882.7  9882.7  9882.7  9882.7  9882.7  9882.7  9882.7  9882.7  9882.7     0.0  9981.3  9948.9  9916.2  9883.3  9850.3  9850.1  9850.1  9850.1  9850.1  9874.9     0.0
      59     0.0 10280.1 10247.1 10214.1 10181.0 10147.9 10114.8 10081.7 10048.6 10015.4  9982.3  9949.1  9916.5  9916.1  9916.0  9916.0  9916.0  9916.1  9916.1  9916.1  9916.1  9916.1  9916.1  9916.1  9916.1  9916.1  9916.1  9916.1  9916.1  9916.1  9916.1  9916.1  9916.1  9916.1  9916.1  9916.1  9916.1  9916.1  9916.1  9916.1  9916.1  9916.1  9916.1  9916.1  9916.1  9916.1  9916.1  9916.1  9916.1  9916.1  9916.1  9916.1  9916.1  9916.1  9916.1  9916.1  9916.1  9916.1  9916.1  9916.1  9916.1  9916.1  9916.1  9916.1  9916.1  9916.1  9916.1  9916.1  9916.1  9916.1  9916.1     0.0  9982.0  9949.4  9916.4  9883.4  9883.2  9883.2  9883.2  9883.2  9883.2  9908.0     0.0
      60     0.0 10280.1 10247.1 10214.1 10181.0 10148.0 10114.9 10081.8 10048.6 10015.5  9982.4  9949.8  9949.3  9949.3  9949.3  9949.3  9949.3  9949.3  9949.3  9949.3  9949.3  9949.3  9949.3  9949.3  9949.3  9949.3  9949.3  9949.3  9949.3  9949.3  9949.3  9949.3  9949.3  9949.3  9949.3  9949.3  9949.3  9949.3  9949.3  9949.3  9949.3  9949.3  9949.3  9949.3  9949.3  9949.3  9949.3  9949.3  9949.3  9949.3  9949.3  9949.3  9949.3  9949.3  9949.3  9949.3  9949.3  9949.3  9949.3  9949.3  9949.3  9949.3  9949.3  9949.3  9949.3  9949.3  9949.3  9949.3  9949.3  9949.3  9949.3     0.0  9982.5  9949.6  9916.5  9916.4  9916.4  9916.4  9916.4  9916.4  9916.4  9941.1     0.0
      61     0.0 10280.1 10247.1 10214.1 10181.0 10148.0 10114.9 10081.8 10048.7 10015.6  9983.0  9982.6  9982.6  9982.6  9982.6  9982.6  9982.6  9982.6  9982.6  9982.6  9982.6  9982.6  9982.6  9982.6  9982.6  9982.6  9982.6  9982.6  9982.6  9982.6  9982.6  9982.6  9982.6  9982.6  9982.6  9982.6  9982.6  9982.6  9982.6  9982.6  9982.6  9982.6  9982.6  9982.6  9982.6  9982.6  9982.6  9982.6  9982.6  9982.6  9982.6  9982.6  9982.6  9982.6  9982.6  9982.6  9982.6  9982.6  9982.6  9982.6  9982.6  9982.6  9982.6  9982.6  9982.6  9982.6  9982.6  9982.6  9982.6  9982.6  9982.6     0.0  9982.7  9949.6  9949.5  9949.5  9949.5  9949.5  9949.5  9949.5  9949.5  9974.1     0.0
      62     0.0     0.0     0.0     0.0     0.0     0.0     0.0     0.0     0.0     0.0     0.0     0.0     0.0     0.0     0.0     0.0     0.0     0.0     0.0     0.0     0.0     0.0     0.0     0.0     0.0     0.0     0.0     0.0     0.0     0.0     0.0     0.0     0.0     0.0     0.0     0.0     0.0     0.0     0.0     0.0     0.0     0.0     0.0     0.0     0.0     0.0     0.0     0.0     0.0     0.0     0.0     0.0     0.0     0.0     0.0     0.0     0.0     0.0     0.0     0.0     0.0     0.0     0.0     0.0     0.0     0.0     0.0     0.0     0.0     0.0     0.0     0.0  9982.7  9982.6  9982.6  9982.6  9982.6  9982.6  9982.6  9982.6  9982.6 10007.3     0.0
      63     0.0 10279.9 10247.0 10214.0 10180.9 10147.9 10114.9 10081.8 10048.7 10016.2 10015.8 10015.8 10015.8 10015.8 10015.8 10015.8 10015.8 10015.8 10015.8 10015.8 10015.8 10015.8 10015.8 10015.8 10015.8 10015.8 10015.8 10015.8 10015.8 10015.8 10015.8 10015.8 10015.8 10015.8 10015.8 10015.8 10015.8 10015.8 10015.8 10015.8 10015.8 10015.8 10015.8 10015.8 10015.8 10015.8 10015.8 10015.8 10015.8 10015.8 10015.8 10015.8 10015.8 10015.8 10015.8 10015.8 10015.8 10015.8 10015.8 10015.8 10015.8 10015.8 10015.8 10015.8 10015.8 10015.8 10015.8 10015.8 10015.8 10015.8 10015.8 10015.8 10015.8 10015.8 10015.8 10015.8 10015.8 10015.8 10015.8 10015.8 10015.8 10040.4     0.0
      64     0.0 10280.0 10247.1 10214.1 10181.0 10148.0 10114.9 10081.9 10049.3 10048.9 10048.9 10048.9 10048.9 10048.9 10048.9 10048.9 10048.9 10048.9 10048.9 10048.9 10048.9 10048.9 10048.9 10048.9 10048.9 10048.9 10048.9 10048.9 10048.9 10048.9 10048.9 10048.9 10048.9 10048.9 10048.9 10048.9 10048.9 10048.9 10048.9 10048.9 10048.9 10048.9 10048.9 10048.9 10048.9 10048.9 10048.9 10048.9 10048.9 10048.9 10048.9 10048.9 10048.9 10048.9 10048.9 10048.9 10048.9 10048.9 10048.9 10048.9 10048.9 10048.9 10048.9 10048.9 10048.9 10048.9 10048.9 10048.9 10048.9 10048.9 10048.9 10048.9 10048.9 10048.9 10048.9 10048.9 10048.9 10048.9 10048.9 10048.9 10048.9 10073.4     0.0
      65     0.0 10280.0 10247.1 10214.1 10181.0 10148.0 10114.9 10082.3 10082.0 10082.0 10082.0 10082.0 10082.0 10082.0 10082.0 10082.0 10082.0 10082.0 10082.0 10082.0 10082.0 10082.0 10082.0 10082.0 10082.0 10082.0 10082.0 10082.0 10082.0 10082.0 10082.0 10082.0 10082.0 10082.0 10082.0 10082.0 10082.0 10082.0 10082.0 10082.0 10082.0 10082.0 10082.0 10082.0 10082.0 10082.0 10082.0 10082.0 10082.0 10082.0 10082.0 10082.0 10082.0 10082.0 10082.0 10082.0 10082.0 10082.0 10082.0 10082.0 10082.0 10082.0 10082.0 10082.0 10082.0 10082.0 10082.0 10082.0 10082.0 10082.0 10082.0 10082.0 10082.0 10082.0 10082.0 10082.0 10082.0 10082.0 10082.0 10082.0 10082.0 10106.5     0.0
      66     0.0 10280.0 10247.1 10214.1 10181.0 10148.0 10115.3 10115.1 10115.0 10115.0 10115.0 10115.0 10115.0 10115.0 10115.0 10115.0 10115.0 10115.0 10115.0 10115.0 10115.0 10115.0 10115.0 10115.0 10115.0 10115.0 10115.0 10115.0 10115.0 10115.0 10115.0 10115.0 10115.0 10115.0 10115.0 10115.0 10115.0 10115.0 10115.0 10115.0 10115.0 10115.0 10115.0 10115.0 10115.0 10115.0 10115.0 10115.0 10115.0 10115.0 10115.0 10115.0 10115.0 10115.0 10115.0 10115.0 10115.0 10115.0 10115.0 10115.0 10115.0 10115.0 10115.0 10115.0 10115.0 10115.0 10115.0 10115.0 10115.0 10115.0 10115.0 10115.0 10115.0 10115.0 10115.0 10115.0 10115.0 10115.0 10115.0 10115.0 10115.0 10139.5     0.0
      67     0.0 10280.0 10247.1 10214.1 10181.0 10148.3 10148.1 10148.1 10148.1 10148.1 10148.1 10148.1 10148.1 10148.1 10148.1 10148.1 10148.1 10148.1 10148.1 10148.1 10148.1 10148.1 10148.1 10148.1 10148.1 10148.1 10148.1 10148.1 10148.1 10148.1 10148.1 10148.1 10148.1 10148.1 10148.1 10148.1 10148.1 10148.1 10148.1 10148.1 10148.1 10148.1 10148.1 10148.1 10148.1 10148.1 10148.1 10148.1 10148.1 10148.1 10148.1 10148.1 10148.1 10148.1 10148.1 10148.1 10148.1 10148.1 10148.1 10148.1 10148.1 10148.1 10148.1 10148.1 10148.1 10148.1 10148.1 10148.1 10148.1 10148.1 10148.1 10148.1 10148.1 10148.1 10148.1 10148.1 10148.1 10148.1 10148.1 10148.1 10148.1 10172.5     0.0
      68     0.0 10280.0 10247.1 10214.1 10181.3 10181.1 10181.1 10181.1 10181.1 10181.1 10181.1 10181.1 10181.1 10181.1 10181.1 10181.1 10181.1 10181.1 10181.1 10181.1 10181.1 10181.1 10181.1 10181.1 10181.1 10181.1 10181.1 10181.1 10181.1 10181.1 10181.1 10181.1 10181.1 10181.1 10181.1 10181.1 10181.1 10181.1 10181.1 10181.1 10181.1 10181.1 10181.1 10181.1 10181.1 10181.1 10181.1 10181.1 10181.1 10181.1 10181.1 10181.1 10181.1 10181.1 10181.1 10181.1 10181.1 10181.1 10181.1 10181.1 10181.1 10181.1 10181.1 10181.1 10181.1 10181.1 10181.1 10181.1 10181.1 10181.1 10181.1 10181.1 10181.1 10181.1 10181.1 10181.1 10181.1 10181.1 10181.1 10181.1 10181.1 10205.3     0.0
      69     0.0 10280.0 10247.1 10214.3 10214.1 10214.1 10214.1 10214.1 10214.1 10214.1 10214.1 10214.1 10214.1 10214.1 10214.1 10214.1 10214.1 10214.1 10214.1 10214.1 10214.1 10214.1 10214.1 10214.1 10214.1 10214.1 10214.1 10214.1 10214.1 10214.1 10214.1 10214.1 10214.1 10214.1 10214.1 10214.1 10214.1 10214.1 10214.1 10214.1 10214.1 10214.1 10214.1 10214.1 10214.1 10214.1 10214.1 10214.1 10214.1 10214.1 10214.1 10214.1 10214.1 10214.1 10214.1 10214.1 10214.1 10214.1 10214.1 10214.1 10214.1 10214.1 10214.1 10214.1 10214.1 10214.1 10214.1 10214.1 10214.1 10214.1 10214.1 10214.1 10214.1 10214.1 10214.1 10214.1 10214.1 10214.1 10214.1 10214.1 10213.9 10234.9     0.0
      70     0.0 10280.0 10247.2 10247.1 10247.1 10247.1 10247.1 10247.1 10247.1 10247.1 10247.1 10247.1 10247.1 10247.1 10247.1 10247.1 10247.1 10247.1 10247.1 10247.1 10247.1 10247.1 10247.1 10247.1 10247.1 10247.1 10247.1 10247.1 10247.1 10247.1 10247.1 10247.1 10247.1 10247.1 10247.1 10247.1 10247.1 10247.1 10247.1 10247.1 10247.1 10247.1 10247.1 10247.1 10247.1 10247.1 10247.1 10247.1 10247.1 10247.1 10247.1 10247.1 10247.1 10247.1 10247.1 10247.1 10247.1 10247.1 10247.1 10247.1 10247.1 10247.1 10247.1 10247.1 10247.1 10247.1 10247.1 10247.1 10247.1 10247.1 10247.1 10247.1 10247.1 10247.1 10247.1 10247.1 10247.1 10247.1 10247.1 10246.9 10243.5 10207.5     0.0
      71     0.0 10280.1 10280.1 10280.1 10280.1 10280.1 10280.1 10280.1 10280.1 10280.1 10280.1 10280.1 10280.1 10280.1 10280.1 10280.1 10280.1 10280.1 10280.1 10280.1 10280.1 10280.1 10280.1 10280.1 10280.1 10280.1 10280.1 10280.1 10280.1 10280.1 10280.1 10280.1 10280.1 10280.1 10280.1 10280.1 10280.1 10280.1 10280.1 10280.1 10280.1 10280.1 10280.1 10280.1 10280.1 10280.1 10280.1 10280.1 10280.1 10280.1 10280.1 10280.1 10280.1 10280.1 10280.1 10280.1 10280.1 10280.1 10280.1 10280.1 10280.1 10280.1 10280.1 10280.1 10280.1 10280.1 10280.1 10280.1 10280.1 10280.1 10280.1 10280.1 10280.1 10280.1 10280.1 10280.1 10280.1 10280.1 10279.9 10276.5 10214.8  9386.7     0.0
      72     0.0 10329.5 10329.5 10329.5 10329.5 10329.5 10329.5 10329.5 10329.5 10329.5 10329.5 10329.5 10329.5 10329.5 10329.5 10329.5 10329.5 10329.5 10329.5 10329.5 10329.5 10329.5 10329.5 10329.5 10329.5 10329.5 10329.5 10329.5 10329.5 10329.5 10329.5 10329.5 10329.5 10329.5 10329.5 10329.5 10329.5 10329.5 10329.5 10329.5 10329.5 10329.5 10329.5 10329.5 10329.5 10329.5 10329.5 10329.5 10329.5 10329.5 10329.5 10329.5 10329.5 10329.5 10329.5 10329.5 10329.5 10329.5 10329.5 10329.5 10329.5 10329.5 10329.5 10329.5 10329.5 10329.5 10329.5 10329.5 10329.5 10329.5 10329.5 10329.5 10329.5 10329.5 10329.5 10329.5 10329.5 10329.4 10326.1 10265.4  9401.1   374.3     0.0
      73     0.0     0.0     0.0     0.0     0.0     0.0     0.0     0.0     0.0     0.0     0.0     0.0     0.0     0.0     0.0     0.0     0.0     0.0     0.0     0.0     0.0     0.0     0.0     0.0     0.0     0.0     0.0     0.0     0.0     0.0     0.0     0.0     0.0     0.0     0.0     0.0     0.0     0.0     0.0     0.0     0.0     0.0     0.0     0.0     0.0     0.0     0.0     0.0     0.0     0.0     0.0     0.0     0.0     0.0     0.0     0.0     0.0     0.0     0.0     0.0     0.0     0.0     0.0     0.0     0.0     0.0     0.0     0.0     0.0     0.0     0.0     0.0     0.0     0.0     0.0     0.0     0.0     0.0     0.0     0.0     0.0     0.0     0.0
